gun_fs_citykiller 4829.6577 -3785.6204 -12350.6592 -0.194 -170.657 -88.610
ammo_12gauge 4828.7432 -3807.6248 -12346.9502 -0.227 -3.881 -90.085
gun_fs_colt -3196.4312 -10999.0566 -12328.1963 0.011 6.014 -91.510
gun_fs_deagle -3096.9185 -11061.3027 -12327.0635 2.411 -25.000 -85.308
gun_fs_colt -4924.8125 -2184.6084 -11518.4707 0.066 -122.184 -90.429
item_ziptie 7528.1519 4877.4067 -11260.3545 89.834 8.724 4.325
gun_fs_colt -11767.0742 -8985.2686 -12030.5166 0.630 -6.518 -88.930
med_superstimpak -13195.0107 -5998.6475 -11258.8398 -1.176 -117.629 7.042
drink_quantum_nukacola -10688.9795 7246.8032 -12224.0586 26.698 3.442 82.198
drink_nukacola 1815.2369 -2195.2256 -12223.6563 25.075 95.672 99.295
drink_nukacola 8522.5488 -4997.7178 -12262.5957 30.134 25.445 93.063
drink_dirtywater -3446.5977 4053.5256 -12434.2334 86.806 174.001 67.564
drink_randomwater -12219.0625 11464.0469 -11825.6357 -82.987 164.479 -130.797
drink_nukacola 3745.4792 -8641.2012 -12233.9404 -27.492 138.140 93.183
drink_dirtywater 10883.3320 8057.7788 -12227.1309 25.056 57.665 -94.586
drink_randomwater 2944.5574 8773.3613 -12212.9521 26.062 143.999 -89.849
drink_randomwater -1428.7268 -6738.7900 -12507.9492 -28.842 91.691 71.555
drink_dirtywater -6340.3857 -12650.7393 -12092.4912 39.066 164.020 -95.518
drink_dirtywater -5227.9482 -7538.8623 -12735.4375 -88.216 -71.282 169.601
drink_nukacola -947.1006 -2821.7312 -12449.6436 -58.360 -172.108 97.722
drink_nukacola -1165.8745 -3815.4177 -12457.0205 18.404 175.623 -90.034
drink_dirtywater 12951.2783 8588.4238 -12246.9805 85.247 -113.361 -99.038
drink_dirtywater -10106.6084 -9236.9229 -11898.7998 24.484 113.007 -87.045
drink_randomwater -4603.7964 -11148.3623 -11859.9766 47.855 152.107 33.775
drink_dirtywater 2110.6382 9168.5156 -12200.1680 84.964 -28.775 -129.140
drink_dirtywater -13322.7910 12903.2148 -10948.9727 -85.562 -46.873 -132.026
drink_randomwater -221.7980 1402.7559 -12238.1465 85.340 39.006 -89.838
drink_randomwater 7249.0361 13331.4746 -12260.4229 -29.935 -0.679 89.833
drink_dirtywater 3410.9458 12899.7031 -12118.2998 20.369 149.868 90.027
drink_nukacola 491.7667 -3541.4194 -12227.2939 -64.463 18.100 94.060
drink_nukacola 4931.4941 -13931.7070 -12261.3447 23.547 -49.629 -91.022
