# 3ds Max Wavefront OBJ Exporter v0.97b - (c)2007 guruware
# File Created: 09.01.2011 22:25:12

#
# object Sphere01
#

v  0.0000 0.0000 32.0000
v  -0.0000 6.2429 31.3851
v  -1.2179 6.1229 31.3851
v  -2.3891 5.7677 31.3851
v  -3.4684 5.1908 31.3851
v  -4.4144 4.4144 31.3851
v  -5.1908 3.4684 31.3851
v  -5.7677 2.3890 31.3851
v  -6.1229 1.2179 31.3851
v  -6.2429 -0.0000 31.3851
v  -6.1229 -1.2179 31.3851
v  -5.7677 -2.3891 31.3851
v  -5.1908 -3.4684 31.3851
v  -4.4144 -4.4144 31.3851
v  -3.4684 -5.1908 31.3851
v  -2.3890 -5.7677 31.3851
v  -1.2179 -6.1229 31.3851
v  0.0000 -6.2429 31.3851
v  1.2179 -6.1229 31.3851
v  2.3891 -5.7677 31.3851
v  3.4684 -5.1908 31.3851
v  4.4144 -4.4144 31.3851
v  5.1908 -3.4684 31.3851
v  5.7677 -2.3890 31.3851
v  6.1229 -1.2179 31.3851
v  6.2429 0.0000 31.3851
v  6.1229 1.2179 31.3851
v  5.7677 2.3891 31.3851
v  5.1908 3.4684 31.3851
v  4.4144 4.4144 31.3851
v  3.4684 5.1908 31.3851
v  2.3890 5.7677 31.3851
v  1.2179 6.1229 31.3851
v  -0.0000 12.2459 29.5641
v  -2.3891 12.0106 29.5641
v  -4.6863 11.3137 29.5641
v  -6.8034 10.1821 29.5641
v  -8.6591 8.6591 29.5641
v  -10.1821 6.8034 29.5641
v  -11.3137 4.6863 29.5641
v  -12.0106 2.3890 29.5641
v  -12.2459 -0.0000 29.5641
v  -12.0106 -2.3891 29.5641
v  -11.3137 -4.6863 29.5641
v  -10.1821 -6.8034 29.5641
v  -8.6591 -8.6591 29.5641
v  -6.8034 -10.1821 29.5641
v  -4.6863 -11.3137 29.5641
v  -2.3890 -12.0106 29.5641
v  0.0000 -12.2459 29.5641
v  2.3891 -12.0106 29.5641
v  4.6863 -11.3137 29.5641
v  6.8035 -10.1821 29.5641
v  8.6591 -8.6591 29.5641
v  10.1821 -6.8034 29.5641
v  11.3137 -4.6863 29.5641
v  12.0106 -2.3890 29.5641
v  12.2459 0.0000 29.5641
v  12.0106 2.3891 29.5641
v  11.3137 4.6863 29.5641
v  10.1821 6.8035 29.5641
v  8.6591 8.6592 29.5641
v  6.8034 10.1821 29.5641
v  4.6863 11.3137 29.5641
v  2.3890 12.0106 29.5641
v  -0.0000 17.7782 26.6070
v  -3.4684 17.4366 26.6070
v  -6.8034 16.4250 26.6070
v  -9.8771 14.7821 26.6070
v  -12.5711 12.5711 26.6070
v  -14.7821 9.8771 26.6070
v  -16.4250 6.8034 26.6070
v  -17.4366 3.4684 26.6070
v  -17.7782 -0.0000 26.6070
v  -17.4366 -3.4684 26.6070
v  -16.4250 -6.8034 26.6070
v  -14.7821 -9.8771 26.6070
v  -12.5711 -12.5711 26.6070
v  -9.8771 -14.7821 26.6070
v  -6.8034 -16.4250 26.6070
v  -3.4683 -17.4366 26.6070
v  0.0000 -17.7782 26.6070
v  3.4684 -17.4366 26.6070
v  6.8035 -16.4250 26.6070
v  9.8771 -14.7821 26.6070
v  12.5711 -12.5711 26.6070
v  14.7821 -9.8770 26.6070
v  16.4250 -6.8034 26.6070
v  17.4366 -3.4683 26.6070
v  17.7782 0.0000 26.6070
v  17.4366 3.4684 26.6070
v  16.4249 6.8035 26.6070
v  14.7821 9.8771 26.6070
v  12.5711 12.5711 26.6070
v  9.8770 14.7821 26.6070
v  6.8034 16.4250 26.6070
v  3.4683 17.4367 26.6070
v  -0.0000 22.6274 22.6274
v  -4.4144 22.1926 22.6274
v  -8.6591 20.9050 22.6274
v  -12.5711 18.8140 22.6274
v  -16.0000 16.0000 22.6274
v  -18.8140 12.5711 22.6274
v  -20.9050 8.6591 22.6274
v  -22.1926 4.4144 22.6274
v  -22.6274 -0.0000 22.6274
v  -22.1926 -4.4144 22.6274
v  -20.9050 -8.6591 22.6274
v  -18.8140 -12.5711 22.6274
v  -16.0000 -16.0000 22.6274
v  -12.5711 -18.8140 22.6274
v  -8.6591 -20.9050 22.6274
v  -4.4144 -22.1926 22.6274
v  0.0000 -22.6274 22.6274
v  4.4144 -22.1926 22.6274
v  8.6592 -20.9050 22.6274
v  12.5711 -18.8140 22.6274
v  16.0000 -16.0000 22.6274
v  18.8140 -12.5711 22.6274
v  20.9050 -8.6591 22.6274
v  22.1926 -4.4144 22.6274
v  22.6274 0.0000 22.6274
v  22.1926 4.4144 22.6274
v  20.9050 8.6592 22.6274
v  18.8140 12.5712 22.6274
v  16.0000 16.0000 22.6274
v  12.5711 18.8140 22.6274
v  8.6591 20.9050 22.6274
v  4.4143 22.1926 22.6274
v  -0.0000 26.6070 17.7782
v  -5.1908 26.0958 17.7782
v  -10.1821 24.5817 17.7782
v  -14.7821 22.1229 17.7782
v  -18.8140 18.8140 17.7782
v  -22.1229 14.7821 17.7782
v  -24.5817 10.1821 17.7782
v  -26.0958 5.1908 17.7782
v  -26.6070 -0.0000 17.7782
v  -26.0958 -5.1908 17.7782
v  -24.5817 -10.1821 17.7782
v  -22.1229 -14.7821 17.7782
v  -18.8140 -18.8140 17.7782
v  -14.7821 -22.1229 17.7782
v  -10.1820 -24.5817 17.7782
v  -5.1908 -26.0958 17.7782
v  0.0000 -26.6070 17.7782
v  5.1908 -26.0958 17.7782
v  10.1821 -24.5817 17.7782
v  14.7821 -22.1229 17.7782
v  18.8140 -18.8140 17.7782
v  22.1230 -14.7820 17.7782
v  24.5817 -10.1820 17.7782
v  26.0958 -5.1907 17.7782
v  26.6070 0.0000 17.7782
v  26.0958 5.1908 17.7782
v  24.5817 10.1821 17.7782
v  22.1229 14.7821 17.7782
v  18.8140 18.8140 17.7782
v  14.7820 22.1230 17.7782
v  10.1820 24.5817 17.7782
v  5.1907 26.0958 17.7782
v  -0.0000 29.5641 12.2459
v  -5.7677 28.9961 12.2459
v  -11.3137 27.3137 12.2459
v  -16.4250 24.5817 12.2459
v  -20.9050 20.9050 12.2459
v  -24.5817 16.4250 12.2459
v  -27.3137 11.3137 12.2459
v  -28.9961 5.7677 12.2459
v  -29.5641 -0.0000 12.2459
v  -28.9961 -5.7677 12.2459
v  -27.3137 -11.3137 12.2459
v  -24.5817 -16.4250 12.2459
v  -20.9050 -20.9050 12.2459
v  -16.4249 -24.5817 12.2459
v  -11.3137 -27.3137 12.2459
v  -5.7677 -28.9961 12.2459
v  0.0000 -29.5641 12.2459
v  5.7677 -28.9961 12.2459
v  11.3137 -27.3137 12.2459
v  16.4250 -24.5817 12.2459
v  20.9050 -20.9050 12.2459
v  24.5817 -16.4249 12.2459
v  27.3137 -11.3137 12.2459
v  28.9961 -5.7676 12.2459
v  29.5641 0.0000 12.2459
v  28.9961 5.7677 12.2459
v  27.3137 11.3138 12.2459
v  24.5817 16.4250 12.2459
v  20.9050 20.9050 12.2459
v  16.4249 24.5817 12.2459
v  11.3137 27.3137 12.2459
v  5.7676 28.9961 12.2459
v  -0.0000 31.3851 6.2429
v  -6.1229 30.7821 6.2429
v  -12.0106 28.9961 6.2429
v  -17.4366 26.0958 6.2429
v  -22.1926 22.1926 6.2429
v  -26.0958 17.4366 6.2429
v  -28.9961 12.0106 6.2429
v  -30.7821 6.1229 6.2429
v  -31.3851 -0.0000 6.2429
v  -30.7821 -6.1229 6.2429
v  -28.9961 -12.0106 6.2429
v  -26.0958 -17.4367 6.2429
v  -22.1926 -22.1927 6.2429
v  -17.4366 -26.0958 6.2429
v  -12.0105 -28.9961 6.2429
v  -6.1229 -30.7821 6.2429
v  0.0000 -31.3851 6.2429
v  6.1230 -30.7821 6.2429
v  12.0106 -28.9961 6.2429
v  17.4367 -26.0958 6.2429
v  22.1927 -22.1926 6.2429
v  26.0958 -17.4366 6.2429
v  28.9961 -12.0105 6.2429
v  30.7821 -6.1229 6.2429
v  31.3851 0.0001 6.2429
v  30.7821 6.1230 6.2429
v  28.9961 12.0106 6.2429
v  26.0957 17.4367 6.2429
v  22.1926 22.1927 6.2429
v  17.4366 26.0958 6.2429
v  12.0105 28.9961 6.2429
v  6.1229 30.7821 6.2429
v  -0.0000 32.0000 0.0000
v  -6.2429 31.3851 0.0000
v  -12.2459 29.5641 0.0000
v  -17.7782 26.6070 0.0000
v  -22.6274 22.6274 0.0000
v  -26.6070 17.7782 0.0000
v  -29.5641 12.2459 0.0000
v  -31.3851 6.2429 0.0000
v  -32.0000 -0.0000 0.0000
v  -31.3851 -6.2429 0.0000
v  -29.5641 -12.2459 0.0000
v  -26.6070 -17.7783 0.0000
v  -22.6274 -22.6274 0.0000
v  -17.7782 -26.6070 0.0000
v  -12.2458 -29.5642 0.0000
v  -6.2429 -31.3851 0.0000
v  0.0000 -32.0000 0.0000
v  6.2429 -31.3851 0.0000
v  12.2459 -29.5641 0.0000
v  17.7783 -26.6070 0.0000
v  22.6274 -22.6274 0.0000
v  26.6071 -17.7782 0.0000
v  29.5642 -12.2458 0.0000
v  31.3851 -6.2428 0.0000
v  32.0000 0.0001 0.0000
v  31.3851 6.2429 0.0000
v  29.5641 12.2459 0.0000
v  26.6070 17.7783 0.0000
v  22.6274 22.6275 0.0000
v  17.7782 26.6071 0.0000
v  12.2458 29.5642 0.0000
v  6.2428 31.3851 0.0000
v  -0.0000 31.3851 -6.2429
v  -6.1229 30.7821 -6.2429
v  -12.0106 28.9961 -6.2429
v  -17.4366 26.0958 -6.2429
v  -22.1926 22.1926 -6.2429
v  -26.0958 17.4366 -6.2429
v  -28.9961 12.0106 -6.2429
v  -30.7821 6.1229 -6.2429
v  -31.3851 -0.0000 -6.2429
v  -30.7821 -6.1229 -6.2429
v  -28.9961 -12.0106 -6.2429
v  -26.0958 -17.4367 -6.2429
v  -22.1926 -22.1927 -6.2429
v  -17.4366 -26.0958 -6.2429
v  -12.0105 -28.9961 -6.2429
v  -6.1229 -30.7821 -6.2429
v  0.0000 -31.3851 -6.2429
v  6.1230 -30.7821 -6.2429
v  12.0106 -28.9961 -6.2429
v  17.4367 -26.0958 -6.2429
v  22.1927 -22.1926 -6.2429
v  26.0958 -17.4366 -6.2429
v  28.9961 -12.0105 -6.2429
v  30.7821 -6.1229 -6.2429
v  31.3851 0.0001 -6.2429
v  30.7821 6.1230 -6.2429
v  28.9961 12.0106 -6.2429
v  26.0957 17.4367 -6.2429
v  22.1926 22.1927 -6.2429
v  17.4366 26.0958 -6.2429
v  12.0105 28.9961 -6.2429
v  6.1229 30.7821 -6.2429
v  -0.0000 29.5641 -12.2459
v  -5.7677 28.9961 -12.2459
v  -11.3137 27.3137 -12.2459
v  -16.4250 24.5817 -12.2459
v  -20.9050 20.9050 -12.2459
v  -24.5817 16.4250 -12.2459
v  -27.3137 11.3137 -12.2459
v  -28.9961 5.7677 -12.2459
v  -29.5641 -0.0000 -12.2459
v  -28.9961 -5.7677 -12.2459
v  -27.3137 -11.3137 -12.2459
v  -24.5817 -16.4250 -12.2459
v  -20.9050 -20.9050 -12.2459
v  -16.4249 -24.5817 -12.2459
v  -11.3137 -27.3137 -12.2459
v  -5.7677 -28.9961 -12.2459
v  0.0000 -29.5641 -12.2459
v  5.7677 -28.9961 -12.2459
v  11.3137 -27.3137 -12.2459
v  16.4250 -24.5817 -12.2459
v  20.9050 -20.9050 -12.2459
v  24.5817 -16.4249 -12.2459
v  27.3137 -11.3137 -12.2459
v  28.9961 -5.7676 -12.2459
v  29.5641 0.0000 -12.2459
v  28.9961 5.7677 -12.2459
v  27.3137 11.3138 -12.2459
v  24.5817 16.4250 -12.2459
v  20.9050 20.9050 -12.2459
v  16.4249 24.5817 -12.2459
v  11.3137 27.3137 -12.2459
v  5.7676 28.9961 -12.2459
v  -0.0000 26.6070 -17.7782
v  -5.1908 26.0958 -17.7782
v  -10.1821 24.5817 -17.7782
v  -14.7821 22.1229 -17.7782
v  -18.8140 18.8140 -17.7782
v  -22.1229 14.7821 -17.7782
v  -24.5817 10.1821 -17.7782
v  -26.0958 5.1908 -17.7782
v  -26.6070 -0.0000 -17.7782
v  -26.0958 -5.1908 -17.7782
v  -24.5817 -10.1821 -17.7782
v  -22.1229 -14.7821 -17.7782
v  -18.8140 -18.8140 -17.7782
v  -14.7821 -22.1229 -17.7782
v  -10.1820 -24.5817 -17.7782
v  -5.1908 -26.0958 -17.7782
v  0.0000 -26.6070 -17.7782
v  5.1908 -26.0958 -17.7782
v  10.1821 -24.5817 -17.7782
v  14.7821 -22.1229 -17.7782
v  18.8140 -18.8140 -17.7782
v  22.1230 -14.7820 -17.7782
v  24.5817 -10.1820 -17.7782
v  26.0958 -5.1907 -17.7782
v  26.6070 0.0000 -17.7782
v  26.0958 5.1908 -17.7782
v  24.5817 10.1821 -17.7782
v  22.1229 14.7821 -17.7782
v  18.8140 18.8140 -17.7782
v  14.7820 22.1230 -17.7782
v  10.1820 24.5817 -17.7782
v  5.1907 26.0958 -17.7782
v  -0.0000 22.6274 -22.6274
v  -4.4144 22.1926 -22.6274
v  -8.6591 20.9050 -22.6274
v  -12.5711 18.8140 -22.6274
v  -16.0000 16.0000 -22.6274
v  -18.8140 12.5711 -22.6274
v  -20.9050 8.6591 -22.6274
v  -22.1926 4.4144 -22.6274
v  -22.6274 -0.0000 -22.6274
v  -22.1926 -4.4144 -22.6274
v  -20.9050 -8.6591 -22.6274
v  -18.8140 -12.5711 -22.6274
v  -16.0000 -16.0000 -22.6274
v  -12.5711 -18.8140 -22.6274
v  -8.6591 -20.9050 -22.6274
v  -4.4144 -22.1926 -22.6274
v  0.0000 -22.6274 -22.6274
v  4.4144 -22.1926 -22.6274
v  8.6592 -20.9050 -22.6274
v  12.5711 -18.8140 -22.6274
v  16.0000 -16.0000 -22.6274
v  18.8140 -12.5711 -22.6274
v  20.9050 -8.6591 -22.6274
v  22.1926 -4.4144 -22.6274
v  22.6274 0.0000 -22.6274
v  22.1926 4.4144 -22.6274
v  20.9050 8.6592 -22.6274
v  18.8140 12.5712 -22.6274
v  16.0000 16.0000 -22.6274
v  12.5711 18.8140 -22.6274
v  8.6591 20.9050 -22.6274
v  4.4143 22.1926 -22.6274
v  -0.0000 17.7782 -26.6070
v  -3.4684 17.4366 -26.6070
v  -6.8034 16.4250 -26.6070
v  -9.8771 14.7821 -26.6070
v  -12.5711 12.5711 -26.6070
v  -14.7821 9.8771 -26.6070
v  -16.4250 6.8034 -26.6070
v  -17.4366 3.4684 -26.6070
v  -17.7782 -0.0000 -26.6070
v  -17.4366 -3.4684 -26.6070
v  -16.4250 -6.8034 -26.6070
v  -14.7821 -9.8771 -26.6070
v  -12.5711 -12.5711 -26.6070
v  -9.8771 -14.7821 -26.6070
v  -6.8034 -16.4250 -26.6070
v  -3.4683 -17.4366 -26.6070
v  0.0000 -17.7782 -26.6070
v  3.4684 -17.4366 -26.6070
v  6.8035 -16.4249 -26.6070
v  9.8771 -14.7821 -26.6070
v  12.5711 -12.5711 -26.6070
v  14.7821 -9.8770 -26.6070
v  16.4250 -6.8034 -26.6070
v  17.4366 -3.4683 -26.6070
v  17.7782 0.0000 -26.6070
v  17.4366 3.4684 -26.6070
v  16.4249 6.8035 -26.6070
v  14.7821 9.8771 -26.6070
v  12.5711 12.5711 -26.6070
v  9.8770 14.7821 -26.6070
v  6.8034 16.4250 -26.6070
v  3.4683 17.4366 -26.6070
v  -0.0000 12.2459 -29.5641
v  -2.3890 12.0106 -29.5641
v  -4.6863 11.3137 -29.5641
v  -6.8034 10.1821 -29.5641
v  -8.6591 8.6591 -29.5641
v  -10.1821 6.8034 -29.5641
v  -11.3137 4.6863 -29.5641
v  -12.0106 2.3890 -29.5641
v  -12.2459 -0.0000 -29.5641
v  -12.0106 -2.3891 -29.5641
v  -11.3137 -4.6863 -29.5641
v  -10.1821 -6.8034 -29.5641
v  -8.6591 -8.6591 -29.5641
v  -6.8034 -10.1821 -29.5641
v  -4.6863 -11.3137 -29.5641
v  -2.3890 -12.0106 -29.5641
v  0.0000 -12.2459 -29.5641
v  2.3891 -12.0106 -29.5641
v  4.6863 -11.3137 -29.5641
v  6.8035 -10.1821 -29.5641
v  8.6591 -8.6591 -29.5641
v  10.1821 -6.8034 -29.5641
v  11.3137 -4.6863 -29.5641
v  12.0106 -2.3890 -29.5641
v  12.2459 0.0000 -29.5641
v  12.0106 2.3891 -29.5641
v  11.3137 4.6863 -29.5641
v  10.1821 6.8035 -29.5641
v  8.6591 8.6592 -29.5641
v  6.8034 10.1821 -29.5641
v  4.6863 11.3137 -29.5641
v  2.3890 12.0106 -29.5641
v  -0.0000 6.2429 -31.3851
v  -1.2179 6.1229 -31.3851
v  -2.3890 5.7677 -31.3851
v  -3.4684 5.1908 -31.3851
v  -4.4144 4.4144 -31.3851
v  -5.1908 3.4684 -31.3851
v  -5.7677 2.3890 -31.3851
v  -6.1229 1.2179 -31.3851
v  -6.2429 -0.0000 -31.3851
v  -6.1229 -1.2179 -31.3851
v  -5.7677 -2.3891 -31.3851
v  -5.1908 -3.4684 -31.3851
v  -4.4144 -4.4144 -31.3851
v  -3.4684 -5.1908 -31.3851
v  -2.3890 -5.7677 -31.3851
v  -1.2179 -6.1229 -31.3851
v  0.0000 -6.2429 -31.3851
v  1.2179 -6.1229 -31.3851
v  2.3891 -5.7677 -31.3851
v  3.4684 -5.1908 -31.3851
v  4.4144 -4.4144 -31.3851
v  5.1908 -3.4684 -31.3851
v  5.7677 -2.3890 -31.3851
v  6.1229 -1.2179 -31.3851
v  6.2429 0.0000 -31.3851
v  6.1229 1.2179 -31.3851
v  5.7677 2.3891 -31.3851
v  5.1908 3.4684 -31.3851
v  4.4144 4.4144 -31.3851
v  3.4683 5.1908 -31.3851
v  2.3890 5.7677 -31.3851
v  1.2179 6.1229 -31.3851
v  0.0000 0.0000 -32.0000
# 482 vertices

vn -0.0097 0.0980 0.9951
vn -0.0286 0.0942 0.9951
vn -0.0464 0.0869 0.9951
vn -0.0625 0.0761 0.9951
vn -0.0761 0.0625 0.9951
vn -0.0869 0.0464 0.9951
vn -0.0942 0.0286 0.9951
vn -0.0980 0.0097 0.9951
vn -0.0980 -0.0097 0.9951
vn -0.0942 -0.0286 0.9951
vn -0.0869 -0.0464 0.9951
vn -0.0761 -0.0625 0.9951
vn -0.0625 -0.0761 0.9951
vn -0.0464 -0.0869 0.9951
vn -0.0286 -0.0942 0.9951
vn -0.0097 -0.0980 0.9951
vn 0.0097 -0.0980 0.9951
vn 0.0286 -0.0942 0.9951
vn 0.0464 -0.0869 0.9951
vn 0.0625 -0.0761 0.9951
vn 0.0761 -0.0625 0.9951
vn 0.0869 -0.0464 0.9951
vn 0.0942 -0.0286 0.9951
vn 0.0980 -0.0097 0.9951
vn 0.0980 0.0097 0.9951
vn 0.0942 0.0286 0.9951
vn 0.0869 0.0464 0.9951
vn 0.0761 0.0625 0.9951
vn 0.0625 0.0761 0.9951
vn 0.0464 0.0869 0.9951
vn 0.0286 0.0942 0.9951
vn 0.0097 0.0980 0.9951
vn -0.0286 0.2902 0.9565
vn -0.0846 0.2790 0.9565
vn -0.1374 0.2571 0.9565
vn -0.1850 0.2254 0.9565
vn -0.2254 0.1850 0.9565
vn -0.2571 0.1374 0.9565
vn -0.2790 0.0846 0.9565
vn -0.2902 0.0286 0.9565
vn -0.2902 -0.0286 0.9565
vn -0.2790 -0.0846 0.9565
vn -0.2571 -0.1374 0.9565
vn -0.2254 -0.1850 0.9565
vn -0.1850 -0.2254 0.9565
vn -0.1374 -0.2571 0.9565
vn -0.0846 -0.2790 0.9565
vn -0.0286 -0.2902 0.9565
vn 0.0286 -0.2902 0.9565
vn 0.0846 -0.2790 0.9565
vn 0.1374 -0.2571 0.9565
vn 0.1850 -0.2254 0.9565
vn 0.2254 -0.1850 0.9565
vn 0.2571 -0.1374 0.9565
vn 0.2790 -0.0846 0.9565
vn 0.2902 -0.0286 0.9565
vn 0.2902 0.0286 0.9565
vn 0.2790 0.0846 0.9565
vn 0.2571 0.1374 0.9565
vn 0.2254 0.1850 0.9565
vn 0.1850 0.2254 0.9565
vn 0.1374 0.2571 0.9565
vn 0.0846 0.2790 0.9565
vn 0.0286 0.2902 0.9565
vn -0.0464 0.4709 0.8810
vn -0.1374 0.4528 0.8810
vn -0.2230 0.4173 0.8810
vn -0.3002 0.3658 0.8810
vn -0.3658 0.3002 0.8810
vn -0.4173 0.2230 0.8810
vn -0.4528 0.1374 0.8810
vn -0.4709 0.0464 0.8810
vn -0.4709 -0.0464 0.8810
vn -0.4528 -0.1374 0.8810
vn -0.4173 -0.2230 0.8810
vn -0.3658 -0.3002 0.8810
vn -0.3002 -0.3658 0.8810
vn -0.2230 -0.4173 0.8810
vn -0.1374 -0.4528 0.8810
vn -0.0464 -0.4709 0.8810
vn 0.0464 -0.4709 0.8810
vn 0.1374 -0.4528 0.8810
vn 0.2231 -0.4173 0.8810
vn 0.3002 -0.3658 0.8810
vn 0.3658 -0.3002 0.8810
vn 0.4173 -0.2230 0.8810
vn 0.4528 -0.1374 0.8810
vn 0.4709 -0.0464 0.8810
vn 0.4709 0.0464 0.8810
vn 0.4528 0.1374 0.8810
vn 0.4173 0.2231 0.8810
vn 0.3658 0.3002 0.8810
vn 0.3002 0.3658 0.8810
vn 0.2230 0.4173 0.8810
vn 0.1374 0.4528 0.8810
vn 0.0464 0.4709 0.8810
vn -0.0624 0.6332 0.7715
vn -0.1847 0.6088 0.7715
vn -0.2999 0.5611 0.7715
vn -0.4036 0.4918 0.7715
vn -0.4918 0.4036 0.7715
vn -0.5611 0.2999 0.7715
vn -0.6088 0.1847 0.7715
vn -0.6332 0.0624 0.7715
vn -0.6332 -0.0624 0.7715
vn -0.6088 -0.1847 0.7715
vn -0.5611 -0.2999 0.7715
vn -0.4918 -0.4036 0.7715
vn -0.4036 -0.4918 0.7715
vn -0.2999 -0.5611 0.7715
vn -0.1847 -0.6088 0.7715
vn -0.0624 -0.6332 0.7715
vn 0.0624 -0.6332 0.7715
vn 0.1847 -0.6088 0.7715
vn 0.2999 -0.5611 0.7715
vn 0.4036 -0.4918 0.7715
vn 0.4918 -0.4036 0.7715
vn 0.5611 -0.2999 0.7715
vn 0.6088 -0.1847 0.7715
vn 0.6332 -0.0624 0.7715
vn 0.6332 0.0624 0.7715
vn 0.6088 0.1847 0.7715
vn 0.5611 0.2999 0.7715
vn 0.4918 0.4036 0.7715
vn 0.4036 0.4918 0.7715
vn 0.2999 0.5611 0.7715
vn 0.1847 0.6088 0.7715
vn 0.0624 0.6332 0.7715
vn -0.0759 0.7708 0.6326
vn -0.2248 0.7412 0.6326
vn -0.3651 0.6831 0.6326
vn -0.4913 0.5987 0.6326
vn -0.5987 0.4913 0.6326
vn -0.6831 0.3651 0.6326
vn -0.7412 0.2248 0.6326
vn -0.7708 0.0759 0.6326
vn -0.7708 -0.0759 0.6326
vn -0.7412 -0.2248 0.6326
vn -0.6831 -0.3651 0.6326
vn -0.5987 -0.4913 0.6326
vn -0.4913 -0.5987 0.6326
vn -0.3651 -0.6831 0.6326
vn -0.2248 -0.7412 0.6326
vn -0.0759 -0.7708 0.6326
vn 0.0759 -0.7708 0.6326
vn 0.2248 -0.7412 0.6326
vn 0.3651 -0.6831 0.6326
vn 0.4913 -0.5987 0.6326
vn 0.5987 -0.4913 0.6326
vn 0.6831 -0.3651 0.6326
vn 0.7412 -0.2248 0.6326
vn 0.7708 -0.0759 0.6326
vn 0.7708 0.0759 0.6326
vn 0.7412 0.2248 0.6326
vn 0.6831 0.3651 0.6326
vn 0.5987 0.4913 0.6326
vn 0.4913 0.5987 0.6326
vn 0.3651 0.6831 0.6326
vn 0.2248 0.7412 0.6326
vn 0.0759 0.7708 0.6326
vn -0.0865 0.8786 0.4696
vn -0.2563 0.8448 0.4696
vn -0.4162 0.7786 0.4696
vn -0.5601 0.6825 0.4696
vn -0.6825 0.5601 0.4696
vn -0.7786 0.4162 0.4696
vn -0.8448 0.2563 0.4696
vn -0.8786 0.0865 0.4696
vn -0.8786 -0.0865 0.4696
vn -0.8448 -0.2563 0.4696
vn -0.7786 -0.4162 0.4696
vn -0.6825 -0.5601 0.4696
vn -0.5601 -0.6825 0.4696
vn -0.4162 -0.7786 0.4696
vn -0.2563 -0.8448 0.4696
vn -0.0865 -0.8786 0.4696
vn 0.0865 -0.8786 0.4696
vn 0.2563 -0.8448 0.4696
vn 0.4162 -0.7786 0.4696
vn 0.5601 -0.6825 0.4696
vn 0.6825 -0.5601 0.4696
vn 0.7786 -0.4162 0.4696
vn 0.8448 -0.2563 0.4696
vn 0.8786 -0.0865 0.4696
vn 0.8786 0.0865 0.4696
vn 0.8448 0.2563 0.4696
vn 0.7786 0.4162 0.4696
vn 0.6825 0.5601 0.4696
vn 0.5601 0.6825 0.4696
vn 0.4162 0.7786 0.4696
vn 0.2563 0.8448 0.4696
vn 0.0865 0.8786 0.4696
vn -0.0938 0.9527 0.2890
vn -0.2779 0.9161 0.2890
vn -0.4513 0.8443 0.2890
vn -0.6073 0.7400 0.2890
vn -0.7400 0.6073 0.2890
vn -0.8443 0.4513 0.2890
vn -0.9161 0.2779 0.2890
vn -0.9527 0.0938 0.2890
vn -0.9527 -0.0938 0.2890
vn -0.9161 -0.2779 0.2890
vn -0.8443 -0.4513 0.2890
vn -0.7400 -0.6073 0.2890
vn -0.6073 -0.7400 0.2890
vn -0.4513 -0.8443 0.2890
vn -0.2779 -0.9161 0.2890
vn -0.0938 -0.9527 0.2890
vn 0.0938 -0.9527 0.2890
vn 0.2779 -0.9161 0.2890
vn 0.4513 -0.8443 0.2890
vn 0.6073 -0.7400 0.2890
vn 0.7400 -0.6073 0.2890
vn 0.8443 -0.4513 0.2890
vn 0.9161 -0.2779 0.2890
vn 0.9527 -0.0938 0.2890
vn 0.9527 0.0938 0.2890
vn 0.9161 0.2779 0.2890
vn 0.8443 0.4513 0.2890
vn 0.7400 0.6073 0.2890
vn 0.6073 0.7400 0.2890
vn 0.4513 0.8443 0.2890
vn 0.2779 0.9161 0.2890
vn 0.0938 0.9527 0.2890
vn -0.0975 0.9904 0.0975
vn -0.2889 0.9524 0.0975
vn -0.4691 0.8777 0.0975
vn -0.6314 0.7693 0.0975
vn -0.7693 0.6314 0.0975
vn -0.8777 0.4691 0.0975
vn -0.9524 0.2889 0.0975
vn -0.9904 0.0975 0.0975
vn -0.9904 -0.0976 0.0975
vn -0.9904 -0.0975 0.0975
vn -0.9524 -0.2889 0.0975
vn -0.8777 -0.4691 0.0975
vn -0.7693 -0.6314 0.0975
vn -0.6314 -0.7693 0.0975
vn -0.4691 -0.8777 0.0975
vn -0.2889 -0.9524 0.0975
vn -0.0975 -0.9904 0.0975
vn 0.0976 -0.9904 0.0975
vn 0.2889 -0.9524 0.0975
vn 0.4691 -0.8777 0.0975
vn 0.6314 -0.7693 0.0975
vn 0.7693 -0.6314 0.0975
vn 0.8777 -0.4691 0.0975
vn 0.9524 -0.2889 0.0975
vn 0.9904 -0.0975 0.0975
vn 0.9904 0.0976 0.0975
vn 0.9524 0.2889 0.0975
vn 0.8777 0.4692 0.0975
vn 0.7693 0.6314 0.0975
vn 0.6314 0.7693 0.0975
vn 0.4691 0.8777 0.0975
vn 0.2889 0.9524 0.0975
vn 0.0975 0.9904 0.0975
vn -0.0975 0.9904 -0.0975
vn -0.2889 0.9524 -0.0975
vn -0.4691 0.8777 -0.0975
vn -0.6314 0.7693 -0.0975
vn -0.7693 0.6314 -0.0975
vn -0.8777 0.4691 -0.0975
vn -0.9524 0.2889 -0.0975
vn -0.9904 0.0975 -0.0975
vn -0.9904 -0.0976 -0.0975
vn -0.9524 -0.2889 -0.0975
vn -0.8777 -0.4691 -0.0975
vn -0.7693 -0.6314 -0.0975
vn -0.6314 -0.7693 -0.0975
vn -0.4691 -0.8777 -0.0975
vn -0.2889 -0.9524 -0.0975
vn -0.0975 -0.9904 -0.0975
vn 0.0976 -0.9904 -0.0975
vn 0.2889 -0.9524 -0.0975
vn 0.4691 -0.8777 -0.0975
vn 0.6314 -0.7693 -0.0975
vn 0.7693 -0.6314 -0.0975
vn 0.8777 -0.4691 -0.0975
vn 0.9524 -0.2889 -0.0975
vn 0.9904 -0.0975 -0.0975
vn 0.9904 0.0976 -0.0975
vn 0.9524 0.2889 -0.0975
vn 0.8777 0.4692 -0.0975
vn 0.7693 0.6314 -0.0975
vn 0.6314 0.7693 -0.0975
vn 0.4691 0.8777 -0.0975
vn 0.2889 0.9524 -0.0975
vn 0.0975 0.9904 -0.0975
vn -0.0938 0.9527 -0.2890
vn -0.2779 0.9161 -0.2890
vn -0.4513 0.8443 -0.2890
vn -0.6073 0.7400 -0.2890
vn -0.7400 0.6073 -0.2890
vn -0.8443 0.4513 -0.2890
vn -0.9161 0.2779 -0.2890
vn -0.9527 0.0938 -0.2890
vn -0.9527 -0.0938 -0.2890
vn -0.9161 -0.2779 -0.2890
vn -0.8443 -0.4513 -0.2890
vn -0.7400 -0.6073 -0.2890
vn -0.6073 -0.7400 -0.2890
vn -0.4513 -0.8443 -0.2890
vn -0.2779 -0.9161 -0.2890
vn -0.0938 -0.9527 -0.2890
vn 0.0938 -0.9527 -0.2890
vn 0.2779 -0.9161 -0.2890
vn 0.4513 -0.8443 -0.2890
vn 0.6073 -0.7400 -0.2890
vn 0.7400 -0.6073 -0.2890
vn 0.8443 -0.4513 -0.2890
vn 0.9161 -0.2779 -0.2890
vn 0.9527 -0.0938 -0.2890
vn 0.9527 0.0938 -0.2890
vn 0.9161 0.2779 -0.2890
vn 0.8443 0.4513 -0.2890
vn 0.7400 0.6073 -0.2890
vn 0.6073 0.7400 -0.2890
vn 0.4513 0.8443 -0.2890
vn 0.2779 0.9161 -0.2890
vn 0.0938 0.9527 -0.2890
vn -0.0865 0.8786 -0.4696
vn -0.2563 0.8448 -0.4696
vn -0.4162 0.7786 -0.4696
vn -0.5601 0.6825 -0.4696
vn -0.6825 0.5601 -0.4696
vn -0.7786 0.4162 -0.4696
vn -0.8448 0.2563 -0.4696
vn -0.8786 0.0865 -0.4696
vn -0.8786 -0.0865 -0.4696
vn -0.8448 -0.2563 -0.4696
vn -0.7786 -0.4162 -0.4696
vn -0.6825 -0.5601 -0.4696
vn -0.5601 -0.6825 -0.4696
vn -0.4162 -0.7786 -0.4696
vn -0.2563 -0.8448 -0.4696
vn -0.0865 -0.8786 -0.4696
vn 0.0865 -0.8786 -0.4696
vn 0.2563 -0.8448 -0.4696
vn 0.4162 -0.7786 -0.4696
vn 0.5601 -0.6825 -0.4696
vn 0.6825 -0.5601 -0.4696
vn 0.7786 -0.4162 -0.4696
vn 0.8448 -0.2563 -0.4696
vn 0.8786 -0.0865 -0.4696
vn 0.8786 0.0865 -0.4696
vn 0.8448 0.2563 -0.4696
vn 0.7786 0.4162 -0.4696
vn 0.6825 0.5601 -0.4696
vn 0.5601 0.6825 -0.4696
vn 0.4162 0.7786 -0.4696
vn 0.2563 0.8448 -0.4696
vn 0.0865 0.8786 -0.4696
vn -0.0759 0.7708 -0.6326
vn -0.2248 0.7412 -0.6326
vn -0.3651 0.6831 -0.6326
vn -0.4913 0.5987 -0.6326
vn -0.5987 0.4913 -0.6326
vn -0.6831 0.3651 -0.6326
vn -0.7412 0.2248 -0.6326
vn -0.7708 0.0759 -0.6326
vn -0.7708 -0.0759 -0.6326
vn -0.7412 -0.2248 -0.6326
vn -0.6831 -0.3651 -0.6326
vn -0.5987 -0.4913 -0.6326
vn -0.4913 -0.5987 -0.6326
vn -0.3651 -0.6831 -0.6326
vn -0.2248 -0.7412 -0.6326
vn -0.0759 -0.7708 -0.6326
vn 0.0759 -0.7708 -0.6326
vn 0.2248 -0.7412 -0.6326
vn 0.3651 -0.6831 -0.6326
vn 0.4913 -0.5987 -0.6326
vn 0.5987 -0.4913 -0.6326
vn 0.6831 -0.3651 -0.6326
vn 0.7412 -0.2248 -0.6326
vn 0.7708 -0.0759 -0.6326
vn 0.7708 0.0759 -0.6326
vn 0.7412 0.2248 -0.6326
vn 0.6831 0.3651 -0.6326
vn 0.5987 0.4913 -0.6326
vn 0.4913 0.5987 -0.6326
vn 0.3651 0.6831 -0.6326
vn 0.2248 0.7412 -0.6326
vn 0.0759 0.7708 -0.6326
vn -0.0624 0.6332 -0.7715
vn -0.1847 0.6088 -0.7715
vn -0.2999 0.5611 -0.7715
vn -0.4036 0.4918 -0.7715
vn -0.4918 0.4036 -0.7715
vn -0.5611 0.2999 -0.7715
vn -0.6088 0.1847 -0.7715
vn -0.6332 0.0624 -0.7715
vn -0.6332 -0.0624 -0.7715
vn -0.6088 -0.1847 -0.7715
vn -0.5611 -0.2999 -0.7715
vn -0.4918 -0.4036 -0.7715
vn -0.4036 -0.4918 -0.7715
vn -0.2999 -0.5611 -0.7715
vn -0.1847 -0.6088 -0.7715
vn -0.0624 -0.6332 -0.7715
vn 0.0624 -0.6332 -0.7715
vn 0.1847 -0.6088 -0.7715
vn 0.2999 -0.5611 -0.7715
vn 0.4036 -0.4918 -0.7715
vn 0.4918 -0.4036 -0.7715
vn 0.5611 -0.2999 -0.7715
vn 0.6088 -0.1847 -0.7715
vn 0.6332 -0.0624 -0.7715
vn 0.6332 0.0624 -0.7715
vn 0.6088 0.1847 -0.7715
vn 0.5611 0.2999 -0.7715
vn 0.4918 0.4036 -0.7715
vn 0.4036 0.4918 -0.7715
vn 0.2999 0.5611 -0.7715
vn 0.1847 0.6088 -0.7715
vn 0.0624 0.6332 -0.7715
vn -0.0464 0.4709 -0.8810
vn -0.1374 0.4528 -0.8810
vn -0.2230 0.4173 -0.8810
vn -0.3002 0.3658 -0.8810
vn -0.3658 0.3002 -0.8810
vn -0.4173 0.2230 -0.8810
vn -0.4528 0.1374 -0.8810
vn -0.4709 0.0464 -0.8810
vn -0.4709 -0.0464 -0.8810
vn -0.4528 -0.1374 -0.8810
vn -0.4173 -0.2231 -0.8810
vn -0.4173 -0.2230 -0.8810
vn -0.3658 -0.3002 -0.8810
vn -0.3002 -0.3658 -0.8810
vn -0.2230 -0.4173 -0.8810
vn -0.1374 -0.4528 -0.8810
vn -0.0464 -0.4709 -0.8810
vn 0.0464 -0.4709 -0.8810
vn 0.1374 -0.4528 -0.8810
vn 0.2231 -0.4173 -0.8810
vn 0.3002 -0.3658 -0.8810
vn 0.3658 -0.3002 -0.8810
vn 0.4173 -0.2230 -0.8810
vn 0.4528 -0.1374 -0.8810
vn 0.4709 -0.0464 -0.8810
vn 0.4709 0.0464 -0.8810
vn 0.4528 0.1374 -0.8810
vn 0.4173 0.2231 -0.8810
vn 0.3658 0.3002 -0.8810
vn 0.3002 0.3658 -0.8810
vn 0.2230 0.4173 -0.8810
vn 0.1374 0.4528 -0.8810
vn 0.0464 0.4709 -0.8810
vn -0.0286 0.2902 -0.9565
vn -0.0846 0.2790 -0.9565
vn -0.1374 0.2571 -0.9565
vn -0.1850 0.2254 -0.9565
vn -0.2254 0.1850 -0.9565
vn -0.2571 0.1374 -0.9565
vn -0.2790 0.0846 -0.9565
vn -0.2902 0.0286 -0.9565
vn -0.2902 -0.0286 -0.9565
vn -0.2790 -0.0846 -0.9565
vn -0.2571 -0.1374 -0.9565
vn -0.2254 -0.1850 -0.9565
vn -0.1850 -0.2254 -0.9565
vn -0.1374 -0.2571 -0.9565
vn -0.0846 -0.2790 -0.9565
vn -0.0286 -0.2902 -0.9565
vn 0.0286 -0.2902 -0.9565
vn 0.0846 -0.2790 -0.9565
vn 0.1374 -0.2571 -0.9565
vn 0.1850 -0.2254 -0.9565
vn 0.2254 -0.1850 -0.9565
vn 0.2571 -0.1374 -0.9565
vn 0.2790 -0.0846 -0.9565
vn 0.2902 -0.0286 -0.9565
vn 0.2902 0.0286 -0.9565
vn 0.2790 0.0846 -0.9565
vn 0.2571 0.1374 -0.9565
vn 0.2254 0.1850 -0.9565
vn 0.1850 0.2254 -0.9565
vn 0.1374 0.2571 -0.9565
vn 0.0846 0.2790 -0.9565
vn 0.0286 0.2902 -0.9565
vn -0.0097 0.0980 -0.9951
vn -0.0286 0.0942 -0.9951
vn -0.0464 0.0869 -0.9951
vn -0.0625 0.0761 -0.9951
vn -0.0761 0.0625 -0.9951
vn -0.0869 0.0464 -0.9951
vn -0.0942 0.0286 -0.9951
vn -0.0980 0.0097 -0.9951
vn -0.0980 -0.0097 -0.9951
vn -0.0942 -0.0286 -0.9951
vn -0.0869 -0.0464 -0.9951
vn -0.0761 -0.0625 -0.9951
vn -0.0625 -0.0761 -0.9951
vn -0.0464 -0.0869 -0.9951
vn -0.0286 -0.0942 -0.9951
vn -0.0097 -0.0980 -0.9951
vn 0.0097 -0.0980 -0.9951
vn 0.0286 -0.0942 -0.9951
vn 0.0464 -0.0869 -0.9951
vn 0.0625 -0.0761 -0.9951
vn 0.0761 -0.0625 -0.9951
vn 0.0869 -0.0464 -0.9951
vn 0.0942 -0.0286 -0.9951
vn 0.0980 -0.0097 -0.9951
vn 0.0980 0.0097 -0.9951
vn 0.0942 0.0286 -0.9951
vn 0.0869 0.0464 -0.9951
vn 0.0761 0.0625 -0.9951
vn 0.0625 0.0761 -0.9951
vn 0.0464 0.0869 -0.9951
vn 0.0286 0.0942 -0.9951
vn 0.0097 0.0980 -0.9951
# 514 vertex normals

vt 0.0000 1.0000 0.0000
vt 0.0000 0.9375 0.0000
vt 0.0313 0.9375 0.0000
vt 0.0313 1.0000 0.0000
vt 0.0625 0.9375 0.0000
vt 0.0625 1.0000 0.0000
vt 0.0938 0.9375 0.0000
vt 0.0938 1.0000 0.0000
vt 0.1250 0.9375 0.0000
vt 0.1250 1.0000 0.0000
vt 0.1563 0.9375 0.0000
vt 0.1563 1.0000 0.0000
vt 0.1875 0.9375 0.0000
vt 0.1875 1.0000 0.0000
vt 0.2187 0.9375 0.0000
vt 0.2187 1.0000 0.0000
vt 0.2500 0.9375 0.0000
vt 0.2500 1.0000 0.0000
vt 0.2812 0.9375 0.0000
vt 0.2812 1.0000 0.0000
vt 0.3125 0.9375 0.0000
vt 0.3125 1.0000 0.0000
vt 0.3437 0.9375 0.0000
vt 0.3437 1.0000 0.0000
vt 0.3750 0.9375 0.0000
vt 0.3750 1.0000 0.0000
vt 0.4063 0.9375 0.0000
vt 0.4063 1.0000 0.0000
vt 0.4375 0.9375 0.0000
vt 0.4375 1.0000 0.0000
vt 0.4688 0.9375 0.0000
vt 0.4688 1.0000 0.0000
vt 0.5000 0.9375 0.0000
vt 0.5000 1.0000 0.0000
vt 0.5313 0.9375 0.0000
vt 0.5313 1.0000 0.0000
vt 0.5625 0.9375 0.0000
vt 0.5625 1.0000 0.0000
vt 0.5938 0.9375 0.0000
vt 0.5938 1.0000 0.0000
vt 0.6250 0.9375 0.0000
vt 0.6250 1.0000 0.0000
vt 0.6563 0.9375 0.0000
vt 0.6563 1.0000 0.0000
vt 0.6875 0.9375 0.0000
vt 0.6875 1.0000 0.0000
vt 0.7188 0.9375 0.0000
vt 0.7188 1.0000 0.0000
vt 0.7500 0.9375 0.0000
vt 0.7500 1.0000 0.0000
vt 0.7813 0.9375 0.0000
vt 0.7813 1.0000 0.0000
vt 0.8125 0.9375 0.0000
vt 0.8125 1.0000 0.0000
vt 0.8438 0.9375 0.0000
vt 0.8438 1.0000 0.0000
vt 0.8750 0.9375 0.0000
vt 0.8750 1.0000 0.0000
vt 0.9063 0.9375 0.0000
vt 0.9063 1.0000 0.0000
vt 0.9375 0.9375 0.0000
vt 0.9375 1.0000 0.0000
vt 0.9688 0.9375 0.0000
vt 0.9688 1.0000 0.0000
vt 1.0000 0.9375 0.0000
vt 0.0000 0.8750 0.0000
vt 0.0313 0.8750 0.0000
vt 0.0625 0.8750 0.0000
vt 0.0938 0.8750 0.0000
vt 0.1250 0.8750 0.0000
vt 0.1563 0.8750 0.0000
vt 0.1875 0.8750 0.0000
vt 0.2187 0.8750 0.0000
vt 0.2500 0.8750 0.0000
vt 0.2812 0.8750 0.0000
vt 0.3125 0.8750 0.0000
vt 0.3437 0.8750 0.0000
vt 0.3750 0.8750 0.0000
vt 0.4063 0.8750 0.0000
vt 0.4375 0.8750 0.0000
vt 0.4688 0.8750 0.0000
vt 0.5000 0.8750 0.0000
vt 0.5313 0.8750 0.0000
vt 0.5625 0.8750 0.0000
vt 0.5938 0.8750 0.0000
vt 0.6250 0.8750 0.0000
vt 0.6563 0.8750 0.0000
vt 0.6875 0.8750 0.0000
vt 0.7188 0.8750 0.0000
vt 0.7500 0.8750 0.0000
vt 0.7813 0.8750 0.0000
vt 0.8125 0.8750 0.0000
vt 0.8438 0.8750 0.0000
vt 0.8750 0.8750 0.0000
vt 0.9063 0.8750 0.0000
vt 0.9375 0.8750 0.0000
vt 0.9688 0.8750 0.0000
vt 1.0000 0.8750 0.0000
vt 0.0000 0.8125 0.0000
vt 0.0313 0.8125 0.0000
vt 0.0625 0.8125 0.0000
vt 0.0938 0.8125 0.0000
vt 0.1250 0.8125 0.0000
vt 0.1563 0.8125 0.0000
vt 0.1875 0.8125 0.0000
vt 0.2187 0.8125 0.0000
vt 0.2500 0.8125 0.0000
vt 0.2812 0.8125 0.0000
vt 0.3125 0.8125 0.0000
vt 0.3437 0.8125 0.0000
vt 0.3750 0.8125 0.0000
vt 0.4063 0.8125 0.0000
vt 0.4375 0.8125 0.0000
vt 0.4688 0.8125 0.0000
vt 0.5000 0.8125 0.0000
vt 0.5313 0.8125 0.0000
vt 0.5625 0.8125 0.0000
vt 0.5938 0.8125 0.0000
vt 0.6250 0.8125 0.0000
vt 0.6563 0.8125 0.0000
vt 0.6875 0.8125 0.0000
vt 0.7188 0.8125 0.0000
vt 0.7500 0.8125 0.0000
vt 0.7813 0.8125 0.0000
vt 0.8125 0.8125 0.0000
vt 0.8438 0.8125 0.0000
vt 0.8750 0.8125 0.0000
vt 0.9063 0.8125 0.0000
vt 0.9375 0.8125 0.0000
vt 0.9688 0.8125 0.0000
vt 1.0000 0.8125 0.0000
vt 0.0000 0.7500 0.0000
vt 0.0313 0.7500 0.0000
vt 0.0625 0.7500 0.0000
vt 0.0938 0.7500 0.0000
vt 0.1250 0.7500 0.0000
vt 0.1563 0.7500 0.0000
vt 0.1875 0.7500 0.0000
vt 0.2187 0.7500 0.0000
vt 0.2500 0.7500 0.0000
vt 0.2812 0.7500 0.0000
vt 0.3125 0.7500 0.0000
vt 0.3437 0.7500 0.0000
vt 0.3750 0.7500 0.0000
vt 0.4063 0.7500 0.0000
vt 0.4375 0.7500 0.0000
vt 0.4688 0.7500 0.0000
vt 0.5000 0.7500 0.0000
vt 0.5313 0.7500 0.0000
vt 0.5625 0.7500 0.0000
vt 0.5938 0.7500 0.0000
vt 0.6250 0.7500 0.0000
vt 0.6563 0.7500 0.0000
vt 0.6875 0.7500 0.0000
vt 0.7188 0.7500 0.0000
vt 0.7500 0.7500 0.0000
vt 0.7813 0.7500 0.0000
vt 0.8125 0.7500 0.0000
vt 0.8438 0.7500 0.0000
vt 0.8750 0.7500 0.0000
vt 0.9063 0.7500 0.0000
vt 0.9375 0.7500 0.0000
vt 0.9688 0.7500 0.0000
vt 1.0000 0.7500 0.0000
vt 0.0000 0.6875 0.0000
vt 0.0313 0.6875 0.0000
vt 0.0625 0.6875 0.0000
vt 0.0938 0.6875 0.0000
vt 0.1250 0.6875 0.0000
vt 0.1563 0.6875 0.0000
vt 0.1875 0.6875 0.0000
vt 0.2187 0.6875 0.0000
vt 0.2500 0.6875 0.0000
vt 0.2812 0.6875 0.0000
vt 0.3125 0.6875 0.0000
vt 0.3437 0.6875 0.0000
vt 0.3750 0.6875 0.0000
vt 0.4063 0.6875 0.0000
vt 0.4375 0.6875 0.0000
vt 0.4688 0.6875 0.0000
vt 0.5000 0.6875 0.0000
vt 0.5313 0.6875 0.0000
vt 0.5625 0.6875 0.0000
vt 0.5938 0.6875 0.0000
vt 0.6250 0.6875 0.0000
vt 0.6563 0.6875 0.0000
vt 0.6875 0.6875 0.0000
vt 0.7188 0.6875 0.0000
vt 0.7500 0.6875 0.0000
vt 0.7813 0.6875 0.0000
vt 0.8125 0.6875 0.0000
vt 0.8438 0.6875 0.0000
vt 0.8750 0.6875 0.0000
vt 0.9063 0.6875 0.0000
vt 0.9375 0.6875 0.0000
vt 0.9688 0.6875 0.0000
vt 1.0000 0.6875 0.0000
vt 0.0000 0.6250 0.0000
vt 0.0313 0.6250 0.0000
vt 0.0625 0.6250 0.0000
vt 0.0938 0.6250 0.0000
vt 0.1250 0.6250 0.0000
vt 0.1563 0.6250 0.0000
vt 0.1875 0.6250 0.0000
vt 0.2187 0.6250 0.0000
vt 0.2500 0.6250 0.0000
vt 0.2812 0.6250 0.0000
vt 0.3125 0.6250 0.0000
vt 0.3437 0.6250 0.0000
vt 0.3750 0.6250 0.0000
vt 0.4063 0.6250 0.0000
vt 0.4375 0.6250 0.0000
vt 0.4688 0.6250 0.0000
vt 0.5000 0.6250 0.0000
vt 0.5313 0.6250 0.0000
vt 0.5625 0.6250 0.0000
vt 0.5938 0.6250 0.0000
vt 0.6250 0.6250 0.0000
vt 0.6563 0.6250 0.0000
vt 0.6875 0.6250 0.0000
vt 0.7188 0.6250 0.0000
vt 0.7500 0.6250 0.0000
vt 0.7813 0.6250 0.0000
vt 0.8125 0.6250 0.0000
vt 0.8438 0.6250 0.0000
vt 0.8750 0.6250 0.0000
vt 0.9063 0.6250 0.0000
vt 0.9375 0.6250 0.0000
vt 0.9688 0.6250 0.0000
vt 1.0000 0.6250 0.0000
vt 0.0000 0.5625 0.0000
vt 0.0313 0.5625 0.0000
vt 0.0625 0.5625 0.0000
vt 0.0938 0.5625 0.0000
vt 0.1250 0.5625 0.0000
vt 0.1563 0.5625 0.0000
vt 0.1875 0.5625 0.0000
vt 0.2187 0.5625 0.0000
vt 0.2500 0.5625 0.0000
vt 0.2812 0.5625 0.0000
vt 0.3125 0.5625 0.0000
vt 0.3437 0.5625 0.0000
vt 0.3750 0.5625 0.0000
vt 0.4063 0.5625 0.0000
vt 0.4375 0.5625 0.0000
vt 0.4688 0.5625 0.0000
vt 0.5000 0.5625 0.0000
vt 0.5313 0.5625 0.0000
vt 0.5625 0.5625 0.0000
vt 0.5938 0.5625 0.0000
vt 0.6250 0.5625 0.0000
vt 0.6563 0.5625 0.0000
vt 0.6875 0.5625 0.0000
vt 0.7188 0.5625 0.0000
vt 0.7500 0.5625 0.0000
vt 0.7813 0.5625 0.0000
vt 0.8125 0.5625 0.0000
vt 0.8438 0.5625 0.0000
vt 0.8750 0.5625 0.0000
vt 0.9063 0.5625 0.0000
vt 0.9375 0.5625 0.0000
vt 0.9688 0.5625 0.0000
vt 1.0000 0.5625 0.0000
vt 0.0000 0.5000 0.0000
vt 0.0313 0.5000 0.0000
vt 0.0625 0.5000 0.0000
vt 0.0938 0.5000 0.0000
vt 0.1250 0.5000 0.0000
vt 0.1563 0.5000 0.0000
vt 0.1875 0.5000 0.0000
vt 0.2187 0.5000 0.0000
vt 0.2500 0.5000 0.0000
vt 0.2812 0.5000 0.0000
vt 0.3125 0.5000 0.0000
vt 0.3437 0.5000 0.0000
vt 0.3750 0.5000 0.0000
vt 0.4063 0.5000 0.0000
vt 0.4375 0.5000 0.0000
vt 0.4688 0.5000 0.0000
vt 0.5000 0.5000 0.0000
vt 0.5313 0.5000 0.0000
vt 0.5625 0.5000 0.0000
vt 0.5938 0.5000 0.0000
vt 0.6250 0.5000 0.0000
vt 0.6563 0.5000 0.0000
vt 0.6875 0.5000 0.0000
vt 0.7188 0.5000 0.0000
vt 0.7500 0.5000 0.0000
vt 0.7813 0.5000 0.0000
vt 0.8125 0.5000 0.0000
vt 0.8438 0.5000 0.0000
vt 0.8750 0.5000 0.0000
vt 0.9063 0.5000 0.0000
vt 0.9375 0.5000 0.0000
vt 0.9688 0.5000 0.0000
vt 1.0000 0.5000 0.0000
vt 0.0000 0.4375 0.0000
vt 0.0313 0.4375 0.0000
vt 0.0625 0.4375 0.0000
vt 0.0938 0.4375 0.0000
vt 0.1250 0.4375 0.0000
vt 0.1563 0.4375 0.0000
vt 0.1875 0.4375 0.0000
vt 0.2187 0.4375 0.0000
vt 0.2500 0.4375 0.0000
vt 0.2812 0.4375 0.0000
vt 0.3125 0.4375 0.0000
vt 0.3437 0.4375 0.0000
vt 0.3750 0.4375 0.0000
vt 0.4063 0.4375 0.0000
vt 0.4375 0.4375 0.0000
vt 0.4688 0.4375 0.0000
vt 0.5000 0.4375 0.0000
vt 0.5313 0.4375 0.0000
vt 0.5625 0.4375 0.0000
vt 0.5938 0.4375 0.0000
vt 0.6250 0.4375 0.0000
vt 0.6563 0.4375 0.0000
vt 0.6875 0.4375 0.0000
vt 0.7188 0.4375 0.0000
vt 0.7500 0.4375 0.0000
vt 0.7813 0.4375 0.0000
vt 0.8125 0.4375 0.0000
vt 0.8438 0.4375 0.0000
vt 0.8750 0.4375 0.0000
vt 0.9063 0.4375 0.0000
vt 0.9375 0.4375 0.0000
vt 0.9688 0.4375 0.0000
vt 1.0000 0.4375 0.0000
vt 0.0000 0.3750 0.0000
vt 0.0313 0.3750 0.0000
vt 0.0625 0.3750 0.0000
vt 0.0938 0.3750 0.0000
vt 0.1250 0.3750 0.0000
vt 0.1563 0.3750 0.0000
vt 0.1875 0.3750 0.0000
vt 0.2187 0.3750 0.0000
vt 0.2500 0.3750 0.0000
vt 0.2812 0.3750 0.0000
vt 0.3125 0.3750 0.0000
vt 0.3437 0.3750 0.0000
vt 0.3750 0.3750 0.0000
vt 0.4063 0.3750 0.0000
vt 0.4375 0.3750 0.0000
vt 0.4688 0.3750 0.0000
vt 0.5000 0.3750 0.0000
vt 0.5313 0.3750 0.0000
vt 0.5625 0.3750 0.0000
vt 0.5938 0.3750 0.0000
vt 0.6250 0.3750 0.0000
vt 0.6563 0.3750 0.0000
vt 0.6875 0.3750 0.0000
vt 0.7188 0.3750 0.0000
vt 0.7500 0.3750 0.0000
vt 0.7813 0.3750 0.0000
vt 0.8125 0.3750 0.0000
vt 0.8438 0.3750 0.0000
vt 0.8750 0.3750 0.0000
vt 0.9063 0.3750 0.0000
vt 0.9375 0.3750 0.0000
vt 0.9688 0.3750 0.0000
vt 1.0000 0.3750 0.0000
vt 0.0000 0.3125 0.0000
vt 0.0313 0.3125 0.0000
vt 0.0625 0.3125 0.0000
vt 0.0938 0.3125 0.0000
vt 0.1250 0.3125 0.0000
vt 0.1563 0.3125 0.0000
vt 0.1875 0.3125 0.0000
vt 0.2187 0.3125 0.0000
vt 0.2500 0.3125 0.0000
vt 0.2812 0.3125 0.0000
vt 0.3125 0.3125 0.0000
vt 0.3437 0.3125 0.0000
vt 0.3750 0.3125 0.0000
vt 0.4063 0.3125 0.0000
vt 0.4375 0.3125 0.0000
vt 0.4688 0.3125 0.0000
vt 0.5000 0.3125 0.0000
vt 0.5313 0.3125 0.0000
vt 0.5625 0.3125 0.0000
vt 0.5938 0.3125 0.0000
vt 0.6250 0.3125 0.0000
vt 0.6563 0.3125 0.0000
vt 0.6875 0.3125 0.0000
vt 0.7188 0.3125 0.0000
vt 0.7500 0.3125 0.0000
vt 0.7813 0.3125 0.0000
vt 0.8125 0.3125 0.0000
vt 0.8438 0.3125 0.0000
vt 0.8750 0.3125 0.0000
vt 0.9063 0.3125 0.0000
vt 0.9375 0.3125 0.0000
vt 0.9688 0.3125 0.0000
vt 1.0000 0.3125 0.0000
vt 0.0000 0.2500 0.0000
vt 0.0313 0.2500 0.0000
vt 0.0625 0.2500 0.0000
vt 0.0938 0.2500 0.0000
vt 0.1250 0.2500 0.0000
vt 0.1563 0.2500 0.0000
vt 0.1875 0.2500 0.0000
vt 0.2187 0.2500 0.0000
vt 0.2500 0.2500 0.0000
vt 0.2812 0.2500 0.0000
vt 0.3125 0.2500 0.0000
vt 0.3437 0.2500 0.0000
vt 0.3750 0.2500 0.0000
vt 0.4063 0.2500 0.0000
vt 0.4375 0.2500 0.0000
vt 0.4688 0.2500 0.0000
vt 0.5000 0.2500 0.0000
vt 0.5313 0.2500 0.0000
vt 0.5625 0.2500 0.0000
vt 0.5938 0.2500 0.0000
vt 0.6250 0.2500 0.0000
vt 0.6563 0.2500 0.0000
vt 0.6875 0.2500 0.0000
vt 0.7188 0.2500 0.0000
vt 0.7500 0.2500 0.0000
vt 0.7813 0.2500 0.0000
vt 0.8125 0.2500 0.0000
vt 0.8438 0.2500 0.0000
vt 0.8750 0.2500 0.0000
vt 0.9063 0.2500 0.0000
vt 0.9375 0.2500 0.0000
vt 0.9688 0.2500 0.0000
vt 1.0000 0.2500 0.0000
vt 0.0000 0.1875 0.0000
vt 0.0313 0.1875 0.0000
vt 0.0625 0.1875 0.0000
vt 0.0938 0.1875 0.0000
vt 0.1250 0.1875 0.0000
vt 0.1563 0.1875 0.0000
vt 0.1875 0.1875 0.0000
vt 0.2187 0.1875 0.0000
vt 0.2500 0.1875 0.0000
vt 0.2812 0.1875 0.0000
vt 0.3125 0.1875 0.0000
vt 0.3437 0.1875 0.0000
vt 0.3750 0.1875 0.0000
vt 0.4063 0.1875 0.0000
vt 0.4375 0.1875 0.0000
vt 0.4688 0.1875 0.0000
vt 0.5000 0.1875 0.0000
vt 0.5313 0.1875 0.0000
vt 0.5625 0.1875 0.0000
vt 0.5938 0.1875 0.0000
vt 0.6250 0.1875 0.0000
vt 0.6563 0.1875 0.0000
vt 0.6875 0.1875 0.0000
vt 0.7188 0.1875 0.0000
vt 0.7500 0.1875 0.0000
vt 0.7813 0.1875 0.0000
vt 0.8125 0.1875 0.0000
vt 0.8438 0.1875 0.0000
vt 0.8750 0.1875 0.0000
vt 0.9063 0.1875 0.0000
vt 0.9375 0.1875 0.0000
vt 0.9688 0.1875 0.0000
vt 1.0000 0.1875 0.0000
vt 0.0000 0.1250 0.0000
vt 0.0313 0.1250 0.0000
vt 0.0625 0.1250 0.0000
vt 0.0938 0.1250 0.0000
vt 0.1250 0.1250 0.0000
vt 0.1563 0.1250 0.0000
vt 0.1875 0.1250 0.0000
vt 0.2187 0.1250 0.0000
vt 0.2500 0.1250 0.0000
vt 0.2812 0.1250 0.0000
vt 0.3125 0.1250 0.0000
vt 0.3437 0.1250 0.0000
vt 0.3750 0.1250 0.0000
vt 0.4063 0.1250 0.0000
vt 0.4375 0.1250 0.0000
vt 0.4688 0.1250 0.0000
vt 0.5000 0.1250 0.0000
vt 0.5313 0.1250 0.0000
vt 0.5625 0.1250 0.0000
vt 0.5938 0.1250 0.0000
vt 0.6250 0.1250 0.0000
vt 0.6563 0.1250 0.0000
vt 0.6875 0.1250 0.0000
vt 0.7188 0.1250 0.0000
vt 0.7500 0.1250 0.0000
vt 0.7813 0.1250 0.0000
vt 0.8125 0.1250 0.0000
vt 0.8438 0.1250 0.0000
vt 0.8750 0.1250 0.0000
vt 0.9063 0.1250 0.0000
vt 0.9375 0.1250 0.0000
vt 0.9688 0.1250 0.0000
vt 1.0000 0.1250 0.0000
vt 0.0000 0.0625 0.0000
vt 0.0313 0.0625 0.0000
vt 0.0625 0.0625 0.0000
vt 0.0938 0.0625 0.0000
vt 0.1250 0.0625 0.0000
vt 0.1563 0.0625 0.0000
vt 0.1875 0.0625 0.0000
vt 0.2187 0.0625 0.0000
vt 0.2500 0.0625 0.0000
vt 0.2812 0.0625 0.0000
vt 0.3125 0.0625 0.0000
vt 0.3437 0.0625 0.0000
vt 0.3750 0.0625 0.0000
vt 0.4063 0.0625 0.0000
vt 0.4375 0.0625 0.0000
vt 0.4688 0.0625 0.0000
vt 0.5000 0.0625 0.0000
vt 0.5313 0.0625 0.0000
vt 0.5625 0.0625 0.0000
vt 0.5938 0.0625 0.0000
vt 0.6250 0.0625 0.0000
vt 0.6563 0.0625 0.0000
vt 0.6875 0.0625 0.0000
vt 0.7188 0.0625 0.0000
vt 0.7500 0.0625 0.0000
vt 0.7813 0.0625 0.0000
vt 0.8125 0.0625 0.0000
vt 0.8438 0.0625 0.0000
vt 0.8750 0.0625 0.0000
vt 0.9063 0.0625 0.0000
vt 0.9375 0.0625 0.0000
vt 0.9688 0.0625 0.0000
vt 1.0000 0.0625 0.0000
vt 0.0000 -0.0000 0.0000
vt 0.0313 -0.0000 0.0000
vt 0.0625 -0.0000 0.0000
vt 0.0938 -0.0000 0.0000
vt 0.1250 -0.0000 0.0000
vt 0.1563 -0.0000 0.0000
vt 0.1875 -0.0000 0.0000
vt 0.2187 -0.0000 0.0000
vt 0.2500 -0.0000 0.0000
vt 0.2812 -0.0000 0.0000
vt 0.3125 -0.0000 0.0000
vt 0.3437 -0.0000 0.0000
vt 0.3750 -0.0000 0.0000
vt 0.4063 -0.0000 0.0000
vt 0.4375 -0.0000 0.0000
vt 0.4688 -0.0000 0.0000
vt 0.5000 -0.0000 0.0000
vt 0.5313 -0.0000 0.0000
vt 0.5625 -0.0000 0.0000
vt 0.5938 -0.0000 0.0000
vt 0.6250 -0.0000 0.0000
vt 0.6563 -0.0000 0.0000
vt 0.6875 -0.0000 0.0000
vt 0.7188 -0.0000 0.0000
vt 0.7500 -0.0000 0.0000
vt 0.7813 -0.0000 0.0000
vt 0.8125 -0.0000 0.0000
vt 0.8438 -0.0000 0.0000
vt 0.8750 -0.0000 0.0000
vt 0.9063 -0.0000 0.0000
vt 0.9375 -0.0000 0.0000
vt 0.9688 -0.0000 0.0000
# 559 texture coords

g Sphere01
f 1/1/1 2/2/1 3/3/1 
f 1/4/2 3/3/2 4/5/2 
f 1/6/3 4/5/3 5/7/3 
f 1/8/4 5/7/4 6/9/4 
f 1/10/5 6/9/5 7/11/5 
f 1/12/6 7/11/6 8/13/6 
f 1/14/7 8/13/7 9/15/7 
f 1/16/8 9/15/8 10/17/8 
f 1/18/9 10/17/9 11/19/9 
f 1/20/10 11/19/10 12/21/10 
f 1/22/11 12/21/11 13/23/11 
f 1/24/12 13/23/12 14/25/12 
f 1/26/13 14/25/13 15/27/13 
f 1/28/14 15/27/14 16/29/14 
f 1/30/15 16/29/15 17/31/15 
f 1/32/16 17/31/16 18/33/16 
f 1/34/17 18/33/17 19/35/17 
f 1/36/18 19/35/18 20/37/18 
f 1/38/19 20/37/19 21/39/19 
f 1/40/20 21/39/20 22/41/20 
f 1/42/21 22/41/21 23/43/21 
f 1/44/22 23/43/22 24/45/22 
f 1/46/23 24/45/23 25/47/23 
f 1/48/24 25/47/24 26/49/24 
f 1/50/25 26/49/25 27/51/25 
f 1/52/26 27/51/26 28/53/26 
f 1/54/27 28/53/27 29/55/27 
f 1/56/28 29/55/28 30/57/28 
f 1/58/29 30/57/29 31/59/29 
f 1/60/30 31/59/30 32/61/30 
f 1/62/31 32/61/31 33/63/31 
f 1/64/32 33/63/32 2/65/32 
f 2/2/33 34/66/33 35/67/33 
f 2/2/33 35/67/33 3/3/33 
f 3/3/34 35/67/34 36/68/34 
f 3/3/34 36/68/34 4/5/34 
f 4/5/35 36/68/35 37/69/35 
f 4/5/35 37/69/35 5/7/35 
f 5/7/36 37/69/36 38/70/36 
f 5/7/36 38/70/36 6/9/36 
f 6/9/37 38/70/37 39/71/37 
f 6/9/37 39/71/37 7/11/37 
f 7/11/38 39/71/38 40/72/38 
f 7/11/38 40/72/38 8/13/38 
f 8/13/39 40/72/39 41/73/39 
f 8/13/39 41/73/39 9/15/39 
f 9/15/40 41/73/40 42/74/40 
f 9/15/40 42/74/40 10/17/40 
f 10/17/41 42/74/41 43/75/41 
f 10/17/41 43/75/41 11/19/41 
f 11/19/42 43/75/42 44/76/42 
f 11/19/42 44/76/42 12/21/42 
f 12/21/43 44/76/43 45/77/43 
f 12/21/43 45/77/43 13/23/43 
f 13/23/44 45/77/44 46/78/44 
f 13/23/44 46/78/44 14/25/44 
f 14/25/45 46/78/45 47/79/45 
f 14/25/45 47/79/45 15/27/45 
f 15/27/46 47/79/46 48/80/46 
f 15/27/46 48/80/46 16/29/46 
f 16/29/47 48/80/47 49/81/47 
f 16/29/47 49/81/47 17/31/47 
f 17/31/48 49/81/48 50/82/48 
f 17/31/48 50/82/48 18/33/48 
f 18/33/49 50/82/49 51/83/49 
f 18/33/49 51/83/49 19/35/49 
f 19/35/50 51/83/50 52/84/50 
f 19/35/50 52/84/50 20/37/50 
f 20/37/51 52/84/51 53/85/51 
f 20/37/51 53/85/51 21/39/51 
f 21/39/52 53/85/52 54/86/52 
f 21/39/52 54/86/52 22/41/52 
f 22/41/53 54/86/53 55/87/53 
f 22/41/53 55/87/53 23/43/53 
f 23/43/54 55/87/54 56/88/54 
f 23/43/54 56/88/54 24/45/54 
f 24/45/55 56/88/55 57/89/55 
f 24/45/55 57/89/55 25/47/55 
f 25/47/56 57/89/56 58/90/56 
f 25/47/56 58/90/56 26/49/56 
f 26/49/57 58/90/57 59/91/57 
f 26/49/57 59/91/57 27/51/57 
f 27/51/58 59/91/58 60/92/58 
f 27/51/58 60/92/58 28/53/58 
f 28/53/59 60/92/59 61/93/59 
f 28/53/59 61/93/59 29/55/59 
f 29/55/60 61/93/60 62/94/60 
f 29/55/60 62/94/60 30/57/60 
f 30/57/61 62/94/61 63/95/61 
f 30/57/61 63/95/61 31/59/61 
f 31/59/62 63/95/62 64/96/62 
f 31/59/62 64/96/62 32/61/62 
f 32/61/63 64/96/63 65/97/63 
f 32/61/63 65/97/63 33/63/63 
f 33/63/64 65/97/64 34/98/64 
f 33/63/64 34/98/64 2/65/64 
f 34/66/65 66/99/65 67/100/65 
f 34/66/65 67/100/65 35/67/65 
f 35/67/66 67/100/66 68/101/66 
f 35/67/66 68/101/66 36/68/66 
f 36/68/67 68/101/67 69/102/67 
f 36/68/67 69/102/67 37/69/67 
f 37/69/68 69/102/68 70/103/68 
f 37/69/68 70/103/68 38/70/68 
f 38/70/69 70/103/69 71/104/69 
f 38/70/69 71/104/69 39/71/69 
f 39/71/70 71/104/70 72/105/70 
f 39/71/70 72/105/70 40/72/70 
f 40/72/71 72/105/71 73/106/71 
f 40/72/71 73/106/71 41/73/71 
f 41/73/72 73/106/72 74/107/72 
f 41/73/72 74/107/72 42/74/72 
f 42/74/73 74/107/73 75/108/73 
f 42/74/73 75/108/73 43/75/73 
f 43/75/74 75/108/74 76/109/74 
f 43/75/74 76/109/74 44/76/74 
f 44/76/75 76/109/75 77/110/75 
f 44/76/75 77/110/75 45/77/75 
f 45/77/76 77/110/76 78/111/76 
f 45/77/76 78/111/76 46/78/76 
f 46/78/77 78/111/77 79/112/77 
f 46/78/77 79/112/77 47/79/77 
f 47/79/78 79/112/78 80/113/78 
f 47/79/78 80/113/78 48/80/78 
f 48/80/79 80/113/79 81/114/79 
f 48/80/79 81/114/79 49/81/79 
f 49/81/80 81/114/80 82/115/80 
f 49/81/80 82/115/80 50/82/80 
f 50/82/81 82/115/81 83/116/81 
f 50/82/81 83/116/81 51/83/81 
f 51/83/82 83/116/82 84/117/82 
f 51/83/82 84/117/82 52/84/82 
f 52/84/83 84/117/83 85/118/83 
f 52/84/83 85/118/83 53/85/83 
f 53/85/84 85/118/84 86/119/84 
f 53/85/84 86/119/84 54/86/84 
f 54/86/85 86/119/85 87/120/85 
f 54/86/85 87/120/85 55/87/85 
f 55/87/86 87/120/86 88/121/86 
f 55/87/86 88/121/86 56/88/86 
f 56/88/87 88/121/87 89/122/87 
f 56/88/87 89/122/87 57/89/87 
f 57/89/88 89/122/88 90/123/88 
f 57/89/88 90/123/88 58/90/88 
f 58/90/89 90/123/89 91/124/89 
f 58/90/89 91/124/89 59/91/89 
f 59/91/90 91/124/90 92/125/90 
f 59/91/90 92/125/90 60/92/90 
f 60/92/91 92/125/91 93/126/91 
f 60/92/91 93/126/91 61/93/91 
f 61/93/92 93/126/92 94/127/92 
f 61/93/92 94/127/92 62/94/92 
f 62/94/93 94/127/93 95/128/93 
f 62/94/93 95/128/93 63/95/93 
f 63/95/94 95/128/94 96/129/94 
f 63/95/94 96/129/94 64/96/94 
f 64/96/95 96/129/95 97/130/95 
f 64/96/95 97/130/95 65/97/95 
f 65/97/96 97/130/96 66/131/96 
f 65/97/96 66/131/96 34/98/96 
f 66/99/97 98/132/97 99/133/97 
f 66/99/97 99/133/97 67/100/97 
f 67/100/98 99/133/98 100/134/98 
f 67/100/98 100/134/98 68/101/98 
f 68/101/99 100/134/99 101/135/99 
f 68/101/99 101/135/99 69/102/99 
f 69/102/100 101/135/100 102/136/100 
f 69/102/100 102/136/100 70/103/100 
f 70/103/101 102/136/101 103/137/101 
f 70/103/101 103/137/101 71/104/101 
f 71/104/102 103/137/102 104/138/102 
f 71/104/102 104/138/102 72/105/102 
f 72/105/103 104/138/103 105/139/103 
f 72/105/103 105/139/103 73/106/103 
f 73/106/104 105/139/104 106/140/104 
f 73/106/104 106/140/104 74/107/104 
f 74/107/105 106/140/105 107/141/105 
f 74/107/105 107/141/105 75/108/105 
f 75/108/106 107/141/106 108/142/106 
f 75/108/106 108/142/106 76/109/106 
f 76/109/107 108/142/107 109/143/107 
f 76/109/107 109/143/107 77/110/107 
f 77/110/108 109/143/108 110/144/108 
f 77/110/108 110/144/108 78/111/108 
f 78/111/109 110/144/109 111/145/109 
f 78/111/109 111/145/109 79/112/109 
f 79/112/110 111/145/110 112/146/110 
f 79/112/110 112/146/110 80/113/110 
f 80/113/111 112/146/111 113/147/111 
f 80/113/111 113/147/111 81/114/111 
f 81/114/112 113/147/112 114/148/112 
f 81/114/112 114/148/112 82/115/112 
f 82/115/113 114/148/113 115/149/113 
f 82/115/113 115/149/113 83/116/113 
f 83/116/114 115/149/114 116/150/114 
f 83/116/114 116/150/114 84/117/114 
f 84/117/115 116/150/115 117/151/115 
f 84/117/115 117/151/115 85/118/115 
f 85/118/116 117/151/116 118/152/116 
f 85/118/116 118/152/116 86/119/116 
f 86/119/117 118/152/117 119/153/117 
f 86/119/117 119/153/117 87/120/117 
f 87/120/118 119/153/118 120/154/118 
f 87/120/118 120/154/118 88/121/118 
f 88/121/119 120/154/119 121/155/119 
f 88/121/119 121/155/119 89/122/119 
f 89/122/120 121/155/120 122/156/120 
f 89/122/120 122/156/120 90/123/120 
f 90/123/121 122/156/121 123/157/121 
f 90/123/121 123/157/121 91/124/121 
f 91/124/122 123/157/122 124/158/122 
f 91/124/122 124/158/122 92/125/122 
f 92/125/123 124/158/123 125/159/123 
f 92/125/123 125/159/123 93/126/123 
f 93/126/124 125/159/124 126/160/124 
f 93/126/124 126/160/124 94/127/124 
f 94/127/125 126/160/125 127/161/125 
f 94/127/125 127/161/125 95/128/125 
f 95/128/126 127/161/126 128/162/126 
f 95/128/126 128/162/126 96/129/126 
f 96/129/127 128/162/127 129/163/127 
f 96/129/127 129/163/127 97/130/127 
f 97/130/128 129/163/128 98/164/128 
f 97/130/128 98/164/128 66/131/128 
f 98/132/129 130/165/129 131/166/129 
f 98/132/129 131/166/129 99/133/129 
f 99/133/130 131/166/130 132/167/130 
f 99/133/130 132/167/130 100/134/130 
f 100/134/131 132/167/131 133/168/131 
f 100/134/131 133/168/131 101/135/131 
f 101/135/132 133/168/132 134/169/132 
f 101/135/132 134/169/132 102/136/132 
f 102/136/133 134/169/133 135/170/133 
f 102/136/133 135/170/133 103/137/133 
f 103/137/134 135/170/134 136/171/134 
f 103/137/134 136/171/134 104/138/134 
f 104/138/135 136/171/135 137/172/135 
f 104/138/135 137/172/135 105/139/135 
f 105/139/136 137/172/136 138/173/136 
f 105/139/136 138/173/136 106/140/136 
f 106/140/137 138/173/137 139/174/137 
f 106/140/137 139/174/137 107/141/137 
f 107/141/138 139/174/138 140/175/138 
f 107/141/138 140/175/138 108/142/138 
f 108/142/139 140/175/139 141/176/139 
f 108/142/139 141/176/139 109/143/139 
f 109/143/140 141/176/140 142/177/140 
f 109/143/140 142/177/140 110/144/140 
f 110/144/141 142/177/141 143/178/141 
f 110/144/141 143/178/141 111/145/141 
f 111/145/142 143/178/142 144/179/142 
f 111/145/142 144/179/142 112/146/142 
f 112/146/143 144/179/143 145/180/143 
f 112/146/143 145/180/143 113/147/143 
f 113/147/144 145/180/144 146/181/144 
f 113/147/144 146/181/144 114/148/144 
f 114/148/145 146/181/145 147/182/145 
f 114/148/145 147/182/145 115/149/145 
f 115/149/146 147/182/146 148/183/146 
f 115/149/146 148/183/146 116/150/146 
f 116/150/147 148/183/147 149/184/147 
f 116/150/147 149/184/147 117/151/147 
f 117/151/148 149/184/148 150/185/148 
f 117/151/148 150/185/148 118/152/148 
f 118/152/149 150/185/149 151/186/149 
f 118/152/149 151/186/149 119/153/149 
f 119/153/150 151/186/150 152/187/150 
f 119/153/150 152/187/150 120/154/150 
f 120/154/151 152/187/151 153/188/151 
f 120/154/151 153/188/151 121/155/151 
f 121/155/152 153/188/152 154/189/152 
f 121/155/152 154/189/152 122/156/152 
f 122/156/153 154/189/153 155/190/153 
f 122/156/153 155/190/153 123/157/153 
f 123/157/154 155/190/154 156/191/154 
f 123/157/154 156/191/154 124/158/154 
f 124/158/155 156/191/155 157/192/155 
f 124/158/155 157/192/155 125/159/155 
f 125/159/156 157/192/156 158/193/156 
f 125/159/156 158/193/156 126/160/156 
f 126/160/157 158/193/157 159/194/157 
f 126/160/157 159/194/157 127/161/157 
f 127/161/158 159/194/158 160/195/158 
f 127/161/158 160/195/158 128/162/158 
f 128/162/159 160/195/159 161/196/159 
f 128/162/159 161/196/159 129/163/159 
f 129/163/160 161/196/160 130/197/160 
f 129/163/160 130/197/160 98/164/160 
f 130/165/161 162/198/161 163/199/161 
f 130/165/161 163/199/161 131/166/161 
f 131/166/162 163/199/162 164/200/162 
f 131/166/162 164/200/162 132/167/162 
f 132/167/163 164/200/163 165/201/163 
f 132/167/163 165/201/163 133/168/163 
f 133/168/164 165/201/164 166/202/164 
f 133/168/164 166/202/164 134/169/164 
f 134/169/165 166/202/165 167/203/165 
f 134/169/165 167/203/165 135/170/165 
f 135/170/166 167/203/166 168/204/166 
f 135/170/166 168/204/166 136/171/166 
f 136/171/167 168/204/167 169/205/167 
f 136/171/167 169/205/167 137/172/167 
f 137/172/168 169/205/168 170/206/168 
f 137/172/168 170/206/168 138/173/168 
f 138/173/169 170/206/169 171/207/169 
f 138/173/169 171/207/169 139/174/169 
f 139/174/170 171/207/170 172/208/170 
f 139/174/170 172/208/170 140/175/170 
f 140/175/171 172/208/171 173/209/171 
f 140/175/171 173/209/171 141/176/171 
f 141/176/172 173/209/172 174/210/172 
f 141/176/172 174/210/172 142/177/172 
f 142/177/173 174/210/173 175/211/173 
f 142/177/173 175/211/173 143/178/173 
f 143/178/174 175/211/174 176/212/174 
f 143/178/174 176/212/174 144/179/174 
f 144/179/175 176/212/175 177/213/175 
f 144/179/175 177/213/175 145/180/175 
f 145/180/176 177/213/176 178/214/176 
f 145/180/176 178/214/176 146/181/176 
f 146/181/177 178/214/177 179/215/177 
f 146/181/177 179/215/177 147/182/177 
f 147/182/178 179/215/178 180/216/178 
f 147/182/178 180/216/178 148/183/178 
f 148/183/179 180/216/179 181/217/179 
f 148/183/179 181/217/179 149/184/179 
f 149/184/180 181/217/180 182/218/180 
f 149/184/180 182/218/180 150/185/180 
f 150/185/181 182/218/181 183/219/181 
f 150/185/181 183/219/181 151/186/181 
f 151/186/182 183/219/182 184/220/182 
f 151/186/182 184/220/182 152/187/182 
f 152/187/183 184/220/183 185/221/183 
f 152/187/183 185/221/183 153/188/183 
f 153/188/184 185/221/184 186/222/184 
f 153/188/184 186/222/184 154/189/184 
f 154/189/185 186/222/185 187/223/185 
f 154/189/185 187/223/185 155/190/185 
f 155/190/186 187/223/186 188/224/186 
f 155/190/186 188/224/186 156/191/186 
f 156/191/187 188/224/187 189/225/187 
f 156/191/187 189/225/187 157/192/187 
f 157/192/188 189/225/188 190/226/188 
f 157/192/188 190/226/188 158/193/188 
f 158/193/189 190/226/189 191/227/189 
f 158/193/189 191/227/189 159/194/189 
f 159/194/190 191/227/190 192/228/190 
f 159/194/190 192/228/190 160/195/190 
f 160/195/191 192/228/191 193/229/191 
f 160/195/191 193/229/191 161/196/191 
f 161/196/192 193/229/192 162/230/192 
f 161/196/192 162/230/192 130/197/192 
f 162/198/193 194/231/193 195/232/193 
f 162/198/193 195/232/193 163/199/193 
f 163/199/194 195/232/194 196/233/194 
f 163/199/194 196/233/194 164/200/194 
f 164/200/195 196/233/195 197/234/195 
f 164/200/195 197/234/195 165/201/195 
f 165/201/196 197/234/196 198/235/196 
f 165/201/196 198/235/196 166/202/196 
f 166/202/197 198/235/197 199/236/197 
f 166/202/197 199/236/197 167/203/197 
f 167/203/198 199/236/198 200/237/198 
f 167/203/198 200/237/198 168/204/198 
f 168/204/199 200/237/199 201/238/199 
f 168/204/199 201/238/199 169/205/199 
f 169/205/200 201/238/200 202/239/200 
f 169/205/200 202/239/200 170/206/200 
f 170/206/201 202/239/201 203/240/201 
f 170/206/201 203/240/201 171/207/201 
f 171/207/202 203/240/202 204/241/202 
f 171/207/202 204/241/202 172/208/202 
f 172/208/203 204/241/203 205/242/203 
f 172/208/203 205/242/203 173/209/203 
f 173/209/204 205/242/204 206/243/204 
f 173/209/204 206/243/204 174/210/204 
f 174/210/205 206/243/205 207/244/205 
f 174/210/205 207/244/205 175/211/205 
f 175/211/206 207/244/206 208/245/206 
f 175/211/206 208/245/206 176/212/206 
f 176/212/207 208/245/207 209/246/207 
f 176/212/207 209/246/207 177/213/207 
f 177/213/208 209/246/208 210/247/208 
f 177/213/208 210/247/208 178/214/208 
f 178/214/209 210/247/209 211/248/209 
f 178/214/209 211/248/209 179/215/209 
f 179/215/210 211/248/210 212/249/210 
f 179/215/210 212/249/210 180/216/210 
f 180/216/211 212/249/211 213/250/211 
f 180/216/211 213/250/211 181/217/211 
f 181/217/212 213/250/212 214/251/212 
f 181/217/212 214/251/212 182/218/212 
f 182/218/213 214/251/213 215/252/213 
f 182/218/213 215/252/213 183/219/213 
f 183/219/214 215/252/214 216/253/214 
f 183/219/214 216/253/214 184/220/214 
f 184/220/215 216/253/215 217/254/215 
f 184/220/215 217/254/215 185/221/215 
f 185/221/216 217/254/216 218/255/216 
f 185/221/216 218/255/216 186/222/216 
f 186/222/217 218/255/217 219/256/217 
f 186/222/217 219/256/217 187/223/217 
f 187/223/218 219/256/218 220/257/218 
f 187/223/218 220/257/218 188/224/218 
f 188/224/219 220/257/219 221/258/219 
f 188/224/219 221/258/219 189/225/219 
f 189/225/220 221/258/220 222/259/220 
f 189/225/220 222/259/220 190/226/220 
f 190/226/221 222/259/221 223/260/221 
f 190/226/221 223/260/221 191/227/221 
f 191/227/222 223/260/222 224/261/222 
f 191/227/222 224/261/222 192/228/222 
f 192/228/223 224/261/223 225/262/223 
f 192/228/223 225/262/223 193/229/223 
f 193/229/224 225/262/224 194/263/224 
f 193/229/224 194/263/224 162/230/224 
f 194/231/225 226/264/225 227/265/225 
f 194/231/225 227/265/225 195/232/225 
f 195/232/226 227/265/226 228/266/226 
f 195/232/226 228/266/226 196/233/226 
f 196/233/227 228/266/227 229/267/227 
f 196/233/227 229/267/227 197/234/227 
f 197/234/228 229/267/228 230/268/228 
f 197/234/228 230/268/228 198/235/228 
f 198/235/229 230/268/229 231/269/229 
f 198/235/229 231/269/229 199/236/229 
f 199/236/230 231/269/230 232/270/230 
f 199/236/230 232/270/230 200/237/230 
f 200/237/231 232/270/231 233/271/231 
f 200/237/231 233/271/231 201/238/231 
f 201/238/232 233/271/232 234/272/232 
f 201/238/232 234/272/232 202/239/232 
f 202/239/233 234/272/233 235/273/233 
f 202/239/234 235/273/234 203/240/234 
f 203/240/235 235/273/235 236/274/235 
f 203/240/235 236/274/235 204/241/235 
f 204/241/236 236/274/236 237/275/236 
f 204/241/236 237/275/236 205/242/236 
f 205/242/237 237/275/237 238/276/237 
f 205/242/237 238/276/237 206/243/237 
f 206/243/238 238/276/238 239/277/238 
f 206/243/238 239/277/238 207/244/238 
f 207/244/239 239/277/239 240/278/239 
f 207/244/239 240/278/239 208/245/239 
f 208/245/240 240/278/240 241/279/240 
f 208/245/240 241/279/240 209/246/240 
f 209/246/241 241/279/241 242/280/241 
f 209/246/241 242/280/241 210/247/241 
f 210/247/242 242/280/242 243/281/242 
f 210/247/242 243/281/242 211/248/242 
f 211/248/243 243/281/243 244/282/243 
f 211/248/243 244/282/243 212/249/243 
f 212/249/244 244/282/244 245/283/244 
f 212/249/244 245/283/244 213/250/244 
f 213/250/245 245/283/245 246/284/245 
f 213/250/245 246/284/245 214/251/245 
f 214/251/246 246/284/246 247/285/246 
f 214/251/246 247/285/246 215/252/246 
f 215/252/247 247/285/247 248/286/247 
f 215/252/247 248/286/247 216/253/247 
f 216/253/248 248/286/248 249/287/248 
f 216/253/248 249/287/248 217/254/248 
f 217/254/249 249/287/249 250/288/249 
f 217/254/249 250/288/249 218/255/249 
f 218/255/250 250/288/250 251/289/250 
f 218/255/250 251/289/250 219/256/250 
f 219/256/251 251/289/251 252/290/251 
f 219/256/251 252/290/251 220/257/251 
f 220/257/252 252/290/252 253/291/252 
f 220/257/252 253/291/252 221/258/252 
f 221/258/253 253/291/253 254/292/253 
f 221/258/253 254/292/253 222/259/253 
f 222/259/254 254/292/254 255/293/254 
f 222/259/254 255/293/254 223/260/254 
f 223/260/255 255/293/255 256/294/255 
f 223/260/255 256/294/255 224/261/255 
f 224/261/256 256/294/256 257/295/256 
f 224/261/256 257/295/256 225/262/256 
f 225/262/257 257/295/257 226/296/257 
f 225/262/257 226/296/257 194/263/257 
f 226/264/258 258/297/258 259/298/258 
f 226/264/258 259/298/258 227/265/258 
f 227/265/259 259/298/259 260/299/259 
f 227/265/259 260/299/259 228/266/259 
f 228/266/260 260/299/260 261/300/260 
f 228/266/260 261/300/260 229/267/260 
f 229/267/261 261/300/261 262/301/261 
f 229/267/261 262/301/261 230/268/261 
f 230/268/262 262/301/262 263/302/262 
f 230/268/262 263/302/262 231/269/262 
f 231/269/263 263/302/263 264/303/263 
f 231/269/263 264/303/263 232/270/263 
f 232/270/264 264/303/264 265/304/264 
f 232/270/264 265/304/264 233/271/264 
f 233/271/265 265/304/265 266/305/265 
f 233/271/265 266/305/265 234/272/265 
f 234/272/266 266/305/266 267/306/266 
f 234/272/266 267/306/266 235/273/266 
f 235/273/267 267/306/267 268/307/267 
f 235/273/267 268/307/267 236/274/267 
f 236/274/268 268/307/268 269/308/268 
f 236/274/268 269/308/268 237/275/268 
f 237/275/269 269/308/269 270/309/269 
f 237/275/269 270/309/269 238/276/269 
f 238/276/270 270/309/270 271/310/270 
f 238/276/270 271/310/270 239/277/270 
f 239/277/271 271/310/271 272/311/271 
f 239/277/271 272/311/271 240/278/271 
f 240/278/272 272/311/272 273/312/272 
f 240/278/272 273/312/272 241/279/272 
f 241/279/273 273/312/273 274/313/273 
f 241/279/273 274/313/273 242/280/273 
f 242/280/274 274/313/274 275/314/274 
f 242/280/274 275/314/274 243/281/274 
f 243/281/275 275/314/275 276/315/275 
f 243/281/275 276/315/275 244/282/275 
f 244/282/276 276/315/276 277/316/276 
f 244/282/276 277/316/276 245/283/276 
f 245/283/277 277/316/277 278/317/277 
f 245/283/277 278/317/277 246/284/277 
f 246/284/278 278/317/278 279/318/278 
f 246/284/278 279/318/278 247/285/278 
f 247/285/279 279/318/279 280/319/279 
f 247/285/279 280/319/279 248/286/279 
f 248/286/280 280/319/280 281/320/280 
f 248/286/280 281/320/280 249/287/280 
f 249/287/281 281/320/281 282/321/281 
f 249/287/281 282/321/281 250/288/281 
f 250/288/282 282/321/282 283/322/282 
f 250/288/282 283/322/282 251/289/282 
f 251/289/283 283/322/283 284/323/283 
f 251/289/283 284/323/283 252/290/283 
f 252/290/284 284/323/284 285/324/284 
f 252/290/284 285/324/284 253/291/284 
f 253/291/285 285/324/285 286/325/285 
f 253/291/285 286/325/285 254/292/285 
f 254/292/286 286/325/286 287/326/286 
f 254/292/286 287/326/286 255/293/286 
f 255/293/287 287/326/287 288/327/287 
f 255/293/287 288/327/287 256/294/287 
f 256/294/288 288/327/288 289/328/288 
f 256/294/288 289/328/288 257/295/288 
f 257/295/289 289/328/289 258/329/289 
f 257/295/289 258/329/289 226/296/289 
f 258/297/290 290/330/290 291/331/290 
f 258/297/290 291/331/290 259/298/290 
f 259/298/291 291/331/291 292/332/291 
f 259/298/291 292/332/291 260/299/291 
f 260/299/292 292/332/292 293/333/292 
f 260/299/292 293/333/292 261/300/292 
f 261/300/293 293/333/293 294/334/293 
f 261/300/293 294/334/293 262/301/293 
f 262/301/294 294/334/294 295/335/294 
f 262/301/294 295/335/294 263/302/294 
f 263/302/295 295/335/295 296/336/295 
f 263/302/295 296/336/295 264/303/295 
f 264/303/296 296/336/296 297/337/296 
f 264/303/296 297/337/296 265/304/296 
f 265/304/297 297/337/297 298/338/297 
f 265/304/297 298/338/297 266/305/297 
f 266/305/298 298/338/298 299/339/298 
f 266/305/298 299/339/298 267/306/298 
f 267/306/299 299/339/299 300/340/299 
f 267/306/299 300/340/299 268/307/299 
f 268/307/300 300/340/300 301/341/300 
f 268/307/300 301/341/300 269/308/300 
f 269/308/301 301/341/301 302/342/301 
f 269/308/301 302/342/301 270/309/301 
f 270/309/302 302/342/302 303/343/302 
f 270/309/302 303/343/302 271/310/302 
f 271/310/303 303/343/303 304/344/303 
f 271/310/303 304/344/303 272/311/303 
f 272/311/304 304/344/304 305/345/304 
f 272/311/304 305/345/304 273/312/304 
f 273/312/305 305/345/305 306/346/305 
f 273/312/305 306/346/305 274/313/305 
f 274/313/306 306/346/306 307/347/306 
f 274/313/306 307/347/306 275/314/306 
f 275/314/307 307/347/307 308/348/307 
f 275/314/307 308/348/307 276/315/307 
f 276/315/308 308/348/308 309/349/308 
f 276/315/308 309/349/308 277/316/308 
f 277/316/309 309/349/309 310/350/309 
f 277/316/309 310/350/309 278/317/309 
f 278/317/310 310/350/310 311/351/310 
f 278/317/310 311/351/310 279/318/310 
f 279/318/311 311/351/311 312/352/311 
f 279/318/311 312/352/311 280/319/311 
f 280/319/312 312/352/312 313/353/312 
f 280/319/312 313/353/312 281/320/312 
f 281/320/313 313/353/313 314/354/313 
f 281/320/313 314/354/313 282/321/313 
f 282/321/314 314/354/314 315/355/314 
f 282/321/314 315/355/314 283/322/314 
f 283/322/315 315/355/315 316/356/315 
f 283/322/315 316/356/315 284/323/315 
f 284/323/316 316/356/316 317/357/316 
f 284/323/316 317/357/316 285/324/316 
f 285/324/317 317/357/317 318/358/317 
f 285/324/317 318/358/317 286/325/317 
f 286/325/318 318/358/318 319/359/318 
f 286/325/318 319/359/318 287/326/318 
f 287/326/319 319/359/319 320/360/319 
f 287/326/319 320/360/319 288/327/319 
f 288/327/320 320/360/320 321/361/320 
f 288/327/320 321/361/320 289/328/320 
f 289/328/321 321/361/321 290/362/321 
f 289/328/321 290/362/321 258/329/321 
f 290/330/322 322/363/322 323/364/322 
f 290/330/322 323/364/322 291/331/322 
f 291/331/323 323/364/323 324/365/323 
f 291/331/323 324/365/323 292/332/323 
f 292/332/324 324/365/324 325/366/324 
f 292/332/324 325/366/324 293/333/324 
f 293/333/325 325/366/325 326/367/325 
f 293/333/325 326/367/325 294/334/325 
f 294/334/326 326/367/326 327/368/326 
f 294/334/326 327/368/326 295/335/326 
f 295/335/327 327/368/327 328/369/327 
f 295/335/327 328/369/327 296/336/327 
f 296/336/328 328/369/328 329/370/328 
f 296/336/328 329/370/328 297/337/328 
f 297/337/329 329/370/329 330/371/329 
f 297/337/329 330/371/329 298/338/329 
f 298/338/330 330/371/330 331/372/330 
f 298/338/330 331/372/330 299/339/330 
f 299/339/331 331/372/331 332/373/331 
f 299/339/331 332/373/331 300/340/331 
f 300/340/332 332/373/332 333/374/332 
f 300/340/332 333/374/332 301/341/332 
f 301/341/333 333/374/333 334/375/333 
f 301/341/333 334/375/333 302/342/333 
f 302/342/334 334/375/334 335/376/334 
f 302/342/334 335/376/334 303/343/334 
f 303/343/335 335/376/335 336/377/335 
f 303/343/335 336/377/335 304/344/335 
f 304/344/336 336/377/336 337/378/336 
f 304/344/336 337/378/336 305/345/336 
f 305/345/337 337/378/337 338/379/337 
f 305/345/337 338/379/337 306/346/337 
f 306/346/338 338/379/338 339/380/338 
f 306/346/338 339/380/338 307/347/338 
f 307/347/339 339/380/339 340/381/339 
f 307/347/339 340/381/339 308/348/339 
f 308/348/340 340/381/340 341/382/340 
f 308/348/340 341/382/340 309/349/340 
f 309/349/341 341/382/341 342/383/341 
f 309/349/341 342/383/341 310/350/341 
f 310/350/342 342/383/342 343/384/342 
f 310/350/342 343/384/342 311/351/342 
f 311/351/343 343/384/343 344/385/343 
f 311/351/343 344/385/343 312/352/343 
f 312/352/344 344/385/344 345/386/344 
f 312/352/344 345/386/344 313/353/344 
f 313/353/345 345/386/345 346/387/345 
f 313/353/345 346/387/345 314/354/345 
f 314/354/346 346/387/346 347/388/346 
f 314/354/346 347/388/346 315/355/346 
f 315/355/347 347/388/347 348/389/347 
f 315/355/347 348/389/347 316/356/347 
f 316/356/348 348/389/348 349/390/348 
f 316/356/348 349/390/348 317/357/348 
f 317/357/349 349/390/349 350/391/349 
f 317/357/349 350/391/349 318/358/349 
f 318/358/350 350/391/350 351/392/350 
f 318/358/350 351/392/350 319/359/350 
f 319/359/351 351/392/351 352/393/351 
f 319/359/351 352/393/351 320/360/351 
f 320/360/352 352/393/352 353/394/352 
f 320/360/352 353/394/352 321/361/352 
f 321/361/353 353/394/353 322/395/353 
f 321/361/353 322/395/353 290/362/353 
f 322/363/354 354/396/354 355/397/354 
f 322/363/354 355/397/354 323/364/354 
f 323/364/355 355/397/355 356/398/355 
f 323/364/355 356/398/355 324/365/355 
f 324/365/356 356/398/356 357/399/356 
f 324/365/356 357/399/356 325/366/356 
f 325/366/357 357/399/357 358/400/357 
f 325/366/357 358/400/357 326/367/357 
f 326/367/358 358/400/358 359/401/358 
f 326/367/358 359/401/358 327/368/358 
f 327/368/359 359/401/359 360/402/359 
f 327/368/359 360/402/359 328/369/359 
f 328/369/360 360/402/360 361/403/360 
f 328/369/360 361/403/360 329/370/360 
f 329/370/361 361/403/361 362/404/361 
f 329/370/361 362/404/361 330/371/361 
f 330/371/362 362/404/362 363/405/362 
f 330/371/362 363/405/362 331/372/362 
f 331/372/363 363/405/363 364/406/363 
f 331/372/363 364/406/363 332/373/363 
f 332/373/364 364/406/364 365/407/364 
f 332/373/364 365/407/364 333/374/364 
f 333/374/365 365/407/365 366/408/365 
f 333/374/365 366/408/365 334/375/365 
f 334/375/366 366/408/366 367/409/366 
f 334/375/366 367/409/366 335/376/366 
f 335/376/367 367/409/367 368/410/367 
f 335/376/367 368/410/367 336/377/367 
f 336/377/368 368/410/368 369/411/368 
f 336/377/368 369/411/368 337/378/368 
f 337/378/369 369/411/369 370/412/369 
f 337/378/369 370/412/369 338/379/369 
f 338/379/370 370/412/370 371/413/370 
f 338/379/370 371/413/370 339/380/370 
f 339/380/371 371/413/371 372/414/371 
f 339/380/371 372/414/371 340/381/371 
f 340/381/372 372/414/372 373/415/372 
f 340/381/372 373/415/372 341/382/372 
f 341/382/373 373/415/373 374/416/373 
f 341/382/373 374/416/373 342/383/373 
f 342/383/374 374/416/374 375/417/374 
f 342/383/374 375/417/374 343/384/374 
f 343/384/375 375/417/375 376/418/375 
f 343/384/375 376/418/375 344/385/375 
f 344/385/376 376/418/376 377/419/376 
f 344/385/376 377/419/376 345/386/376 
f 345/386/377 377/419/377 378/420/377 
f 345/386/377 378/420/377 346/387/377 
f 346/387/378 378/420/378 379/421/378 
f 346/387/378 379/421/378 347/388/378 
f 347/388/379 379/421/379 380/422/379 
f 347/388/379 380/422/379 348/389/379 
f 348/389/380 380/422/380 381/423/380 
f 348/389/380 381/423/380 349/390/380 
f 349/390/381 381/423/381 382/424/381 
f 349/390/381 382/424/381 350/391/381 
f 350/391/382 382/424/382 383/425/382 
f 350/391/382 383/425/382 351/392/382 
f 351/392/383 383/425/383 384/426/383 
f 351/392/383 384/426/383 352/393/383 
f 352/393/384 384/426/384 385/427/384 
f 352/393/384 385/427/384 353/394/384 
f 353/394/385 385/427/385 354/428/385 
f 353/394/385 354/428/385 322/395/385 
f 354/396/386 386/429/386 387/430/386 
f 354/396/386 387/430/386 355/397/386 
f 355/397/387 387/430/387 388/431/387 
f 355/397/387 388/431/387 356/398/387 
f 356/398/388 388/431/388 389/432/388 
f 356/398/388 389/432/388 357/399/388 
f 357/399/389 389/432/389 390/433/389 
f 357/399/389 390/433/389 358/400/389 
f 358/400/390 390/433/390 391/434/390 
f 358/400/390 391/434/390 359/401/390 
f 359/401/391 391/434/391 392/435/391 
f 359/401/391 392/435/391 360/402/391 
f 360/402/392 392/435/392 393/436/392 
f 360/402/392 393/436/392 361/403/392 
f 361/403/393 393/436/393 394/437/393 
f 361/403/393 394/437/393 362/404/393 
f 362/404/394 394/437/394 395/438/394 
f 362/404/394 395/438/394 363/405/394 
f 363/405/395 395/438/395 396/439/395 
f 363/405/395 396/439/395 364/406/395 
f 364/406/396 396/439/396 397/440/396 
f 364/406/396 397/440/396 365/407/396 
f 365/407/397 397/440/397 398/441/397 
f 365/407/397 398/441/397 366/408/397 
f 366/408/398 398/441/398 399/442/398 
f 366/408/398 399/442/398 367/409/398 
f 367/409/399 399/442/399 400/443/399 
f 367/409/399 400/443/399 368/410/399 
f 368/410/400 400/443/400 401/444/400 
f 368/410/400 401/444/400 369/411/400 
f 369/411/401 401/444/401 402/445/401 
f 369/411/401 402/445/401 370/412/401 
f 370/412/402 402/445/402 403/446/402 
f 370/412/402 403/446/402 371/413/402 
f 371/413/403 403/446/403 404/447/403 
f 371/413/403 404/447/403 372/414/403 
f 372/414/404 404/447/404 405/448/404 
f 372/414/404 405/448/404 373/415/404 
f 373/415/405 405/448/405 406/449/405 
f 373/415/405 406/449/405 374/416/405 
f 374/416/406 406/449/406 407/450/406 
f 374/416/406 407/450/406 375/417/406 
f 375/417/407 407/450/407 408/451/407 
f 375/417/407 408/451/407 376/418/407 
f 376/418/408 408/451/408 409/452/408 
f 376/418/408 409/452/408 377/419/408 
f 377/419/409 409/452/409 410/453/409 
f 377/419/409 410/453/409 378/420/409 
f 378/420/410 410/453/410 411/454/410 
f 378/420/410 411/454/410 379/421/410 
f 379/421/411 411/454/411 412/455/411 
f 379/421/411 412/455/411 380/422/411 
f 380/422/412 412/455/412 413/456/412 
f 380/422/412 413/456/412 381/423/412 
f 381/423/413 413/456/413 414/457/413 
f 381/423/413 414/457/413 382/424/413 
f 382/424/414 414/457/414 415/458/414 
f 382/424/414 415/458/414 383/425/414 
f 383/425/415 415/458/415 416/459/415 
f 383/425/415 416/459/415 384/426/415 
f 384/426/416 416/459/416 417/460/416 
f 384/426/416 417/460/416 385/427/416 
f 385/427/417 417/460/417 386/461/417 
f 385/427/417 386/461/417 354/428/417 
f 386/429/418 418/462/418 419/463/418 
f 386/429/418 419/463/418 387/430/418 
f 387/430/419 419/463/419 420/464/419 
f 387/430/419 420/464/419 388/431/419 
f 388/431/420 420/464/420 421/465/420 
f 388/431/420 421/465/420 389/432/420 
f 389/432/421 421/465/421 422/466/421 
f 389/432/421 422/466/421 390/433/421 
f 390/433/422 422/466/422 423/467/422 
f 390/433/422 423/467/422 391/434/422 
f 391/434/423 423/467/423 424/468/423 
f 391/434/423 424/468/423 392/435/423 
f 392/435/424 424/468/424 425/469/424 
f 392/435/424 425/469/424 393/436/424 
f 393/436/425 425/469/425 426/470/425 
f 393/436/425 426/470/425 394/437/425 
f 394/437/426 426/470/426 427/471/426 
f 394/437/426 427/471/426 395/438/426 
f 395/438/427 427/471/427 428/472/427 
f 395/438/427 428/472/427 396/439/427 
f 396/439/428 428/472/428 429/473/428 
f 396/439/429 429/473/429 397/440/429 
f 397/440/430 429/473/430 430/474/430 
f 397/440/430 430/474/430 398/441/430 
f 398/441/431 430/474/431 431/475/431 
f 398/441/431 431/475/431 399/442/431 
f 399/442/432 431/475/432 432/476/432 
f 399/442/432 432/476/432 400/443/432 
f 400/443/433 432/476/433 433/477/433 
f 400/443/433 433/477/433 401/444/433 
f 401/444/434 433/477/434 434/478/434 
f 401/444/434 434/478/434 402/445/434 
f 402/445/435 434/478/435 435/479/435 
f 402/445/435 435/479/435 403/446/435 
f 403/446/436 435/479/436 436/480/436 
f 403/446/436 436/480/436 404/447/436 
f 404/447/437 436/480/437 437/481/437 
f 404/447/437 437/481/437 405/448/437 
f 405/448/438 437/481/438 438/482/438 
f 405/448/438 438/482/438 406/449/438 
f 406/449/439 438/482/439 439/483/439 
f 406/449/439 439/483/439 407/450/439 
f 407/450/440 439/483/440 440/484/440 
f 407/450/440 440/484/440 408/451/440 
f 408/451/441 440/484/441 441/485/441 
f 408/451/441 441/485/441 409/452/441 
f 409/452/442 441/485/442 442/486/442 
f 409/452/442 442/486/442 410/453/442 
f 410/453/443 442/486/443 443/487/443 
f 410/453/443 443/487/443 411/454/443 
f 411/454/444 443/487/444 444/488/444 
f 411/454/444 444/488/444 412/455/444 
f 412/455/445 444/488/445 445/489/445 
f 412/455/445 445/489/445 413/456/445 
f 413/456/446 445/489/446 446/490/446 
f 413/456/446 446/490/446 414/457/446 
f 414/457/447 446/490/447 447/491/447 
f 414/457/447 447/491/447 415/458/447 
f 415/458/448 447/491/448 448/492/448 
f 415/458/448 448/492/448 416/459/448 
f 416/459/449 448/492/449 449/493/449 
f 416/459/449 449/493/449 417/460/449 
f 417/460/450 449/493/450 418/494/450 
f 417/460/450 418/494/450 386/461/450 
f 418/462/451 450/495/451 451/496/451 
f 418/462/451 451/496/451 419/463/451 
f 419/463/452 451/496/452 452/497/452 
f 419/463/452 452/497/452 420/464/452 
f 420/464/453 452/497/453 453/498/453 
f 420/464/453 453/498/453 421/465/453 
f 421/465/454 453/498/454 454/499/454 
f 421/465/454 454/499/454 422/466/454 
f 422/466/455 454/499/455 455/500/455 
f 422/466/455 455/500/455 423/467/455 
f 423/467/456 455/500/456 456/501/456 
f 423/467/456 456/501/456 424/468/456 
f 424/468/457 456/501/457 457/502/457 
f 424/468/457 457/502/457 425/469/457 
f 425/469/458 457/502/458 458/503/458 
f 425/469/458 458/503/458 426/470/458 
f 426/470/459 458/503/459 459/504/459 
f 426/470/459 459/504/459 427/471/459 
f 427/471/460 459/504/460 460/505/460 
f 427/471/460 460/505/460 428/472/460 
f 428/472/461 460/505/461 461/506/461 
f 428/472/461 461/506/461 429/473/461 
f 429/473/462 461/506/462 462/507/462 
f 429/473/462 462/507/462 430/474/462 
f 430/474/463 462/507/463 463/508/463 
f 430/474/463 463/508/463 431/475/463 
f 431/475/464 463/508/464 464/509/464 
f 431/475/464 464/509/464 432/476/464 
f 432/476/465 464/509/465 465/510/465 
f 432/476/465 465/510/465 433/477/465 
f 433/477/466 465/510/466 466/511/466 
f 433/477/466 466/511/466 434/478/466 
f 434/478/467 466/511/467 467/512/467 
f 434/478/467 467/512/467 435/479/467 
f 435/479/468 467/512/468 468/513/468 
f 435/479/468 468/513/468 436/480/468 
f 436/480/469 468/513/469 469/514/469 
f 436/480/469 469/514/469 437/481/469 
f 437/481/470 469/514/470 470/515/470 
f 437/481/470 470/515/470 438/482/470 
f 438/482/471 470/515/471 471/516/471 
f 438/482/471 471/516/471 439/483/471 
f 439/483/472 471/516/472 472/517/472 
f 439/483/472 472/517/472 440/484/472 
f 440/484/473 472/517/473 473/518/473 
f 440/484/473 473/518/473 441/485/473 
f 441/485/474 473/518/474 474/519/474 
f 441/485/474 474/519/474 442/486/474 
f 442/486/475 474/519/475 475/520/475 
f 442/486/475 475/520/475 443/487/475 
f 443/487/476 475/520/476 476/521/476 
f 443/487/476 476/521/476 444/488/476 
f 444/488/477 476/521/477 477/522/477 
f 444/488/477 477/522/477 445/489/477 
f 445/489/478 477/522/478 478/523/478 
f 445/489/478 478/523/478 446/490/478 
f 446/490/479 478/523/479 479/524/479 
f 446/490/479 479/524/479 447/491/479 
f 447/491/480 479/524/480 480/525/480 
f 447/491/480 480/525/480 448/492/480 
f 448/492/481 480/525/481 481/526/481 
f 448/492/481 481/526/481 449/493/481 
f 449/493/482 481/526/482 450/527/482 
f 449/493/482 450/527/482 418/494/482 
f 482/528/483 451/496/483 450/495/483 
f 482/529/484 452/497/484 451/496/484 
f 482/530/485 453/498/485 452/497/485 
f 482/531/486 454/499/486 453/498/486 
f 482/532/487 455/500/487 454/499/487 
f 482/533/488 456/501/488 455/500/488 
f 482/534/489 457/502/489 456/501/489 
f 482/535/490 458/503/490 457/502/490 
f 482/536/491 459/504/491 458/503/491 
f 482/537/492 460/505/492 459/504/492 
f 482/538/493 461/506/493 460/505/493 
f 482/539/494 462/507/494 461/506/494 
f 482/540/495 463/508/495 462/507/495 
f 482/541/496 464/509/496 463/508/496 
f 482/542/497 465/510/497 464/509/497 
f 482/543/498 466/511/498 465/510/498 
f 482/544/499 467/512/499 466/511/499 
f 482/545/500 468/513/500 467/512/500 
f 482/546/501 469/514/501 468/513/501 
f 482/547/502 470/515/502 469/514/502 
f 482/548/503 471/516/503 470/515/503 
f 482/549/504 472/517/504 471/516/504 
f 482/550/505 473/518/505 472/517/505 
f 482/551/506 474/519/506 473/518/506 
f 482/552/507 475/520/507 474/519/507 
f 482/553/508 476/521/508 475/520/508 
f 482/554/509 477/522/509 476/521/509 
f 482/555/510 478/523/510 477/522/510 
f 482/556/511 479/524/511 478/523/511 
f 482/557/512 480/525/512 479/524/512 
f 482/558/513 481/526/513 480/525/513 
f 482/559/514 450/527/514 481/526/514 
# 960 faces

